@SpeciesCode,@MeasurementDateGMT,@Value,SiteCode
FINE,2022-01-01 00:00:00,16.1,HP1
FINE,2022-01-01 01:00:00,13.4,HP1
FINE,2022-01-01 02:00:00,11.7,HP1
FINE,2022-01-01 03:00:00,10.3,HP1
FINE,2022-01-01 04:00:00,7.9,HP1
FINE,2022-01-01 05:00:00,6.9,HP1
FINE,2022-01-01 06:00:00,7.5,HP1
FINE,2022-01-01 07:00:00,6.5,HP1
FINE,2022-01-01 08:00:00,6.3,HP1
FINE,2022-01-01 09:00:00,6.3,HP1
FINE,2022-01-01 10:00:00,6.7,HP1
FINE,2022-01-01 11:00:00,8,HP1
FINE,2022-01-01 12:00:00,9.4,HP1
FINE,2022-01-01 13:00:00,10.1,HP1
FINE,2022-01-01 14:00:00,10.6,HP1
FINE,2022-01-01 15:00:00,11.2,HP1
FINE,2022-01-01 16:00:00,12.3,HP1
FINE,2022-01-01 17:00:00,10.9,HP1
FINE,2022-01-01 18:00:00,12.4,HP1
FINE,2022-01-01 19:00:00,14.5,HP1
FINE,2022-01-01 20:00:00,13.4,HP1
FINE,2022-01-01 21:00:00,13.3,HP1
FINE,2022-01-01 22:00:00,13.1,HP1
FINE,2022-01-01 23:00:00,9.4,HP1
FINE,2022-01-02 00:00:00,3.5,HP1
FINE,2022-01-02 01:00:00,4,HP1
FINE,2022-01-02 02:00:00,4.6,HP1
FINE,2022-01-02 03:00:00,3.5,HP1
FINE,2022-01-02 04:00:00,2,HP1
FINE,2022-01-02 05:00:00,3.4,HP1
FINE,2022-01-02 06:00:00,1.8,HP1
FINE,2022-01-02 07:00:00,1.7,HP1
FINE,2022-01-02 08:00:00,2.1,HP1
FINE,2022-01-02 09:00:00,2.1,HP1
FINE,2022-01-02 10:00:00,2.1,HP1
FINE,2022-01-02 11:00:00,2.1,HP1
FINE,2022-01-02 12:00:00,2.2,HP1
FINE,2022-01-02 13:00:00,3.3,HP1
FINE,2022-01-02 14:00:00,4.2,HP1
FINE,2022-01-02 15:00:00,2.9,HP1
FINE,2022-01-02 16:00:00,2.7,HP1
FINE,2022-01-02 17:00:00,3.5,HP1
FINE,2022-01-02 18:00:00,3.9,HP1
FINE,2022-01-02 19:00:00,4,HP1
FINE,2022-01-02 20:00:00,3.9,HP1
FINE,2022-01-02 21:00:00,5,HP1
FINE,2022-01-02 22:00:00,7.4,HP1
FINE,2022-01-02 23:00:00,8.9,HP1
FINE,2022-01-03 00:00:00,9,HP1
FINE,2022-01-03 01:00:00,9,HP1
FINE,2022-01-03 02:00:00,8.8,HP1
FINE,2022-01-03 03:00:00,8.5,HP1
FINE,2022-01-03 04:00:00,8,HP1
FINE,2022-01-03 05:00:00,7.9,HP1
FINE,2022-01-03 06:00:00,8.8,HP1
FINE,2022-01-03 07:00:00,10.2,HP1
FINE,2022-01-03 08:00:00,10.3,HP1
FINE,2022-01-03 09:00:00,6.5,HP1
FINE,2022-01-03 10:00:00,3.9,HP1
FINE,2022-01-03 11:00:00,4.3,HP1
FINE,2022-01-03 12:00:00,5.4,HP1
FINE,2022-01-03 13:00:00,5.5,HP1
FINE,2022-01-03 14:00:00,5.2,HP1
FINE,2022-01-03 15:00:00,6,HP1
FINE,2022-01-03 16:00:00,8,HP1
FINE,2022-01-03 17:00:00,8.5,HP1
FINE,2022-01-03 18:00:00,9.1,HP1
FINE,2022-01-03 19:00:00,8.7,HP1
FINE,2022-01-03 20:00:00,8.9,HP1
FINE,2022-01-03 21:00:00,8.4,HP1
FINE,2022-01-03 22:00:00,7.3,HP1
FINE,2022-01-03 23:00:00,6.9,HP1
FINE,2022-01-04 00:00:00,6.7,HP1
FINE,2022-01-04 01:00:00,6.6,HP1
FINE,2022-01-04 02:00:00,6.6,HP1
FINE,2022-01-04 03:00:00,6.7,HP1
FINE,2022-01-04 04:00:00,6.3,HP1
FINE,2022-01-04 05:00:00,6.7,HP1
FINE,2022-01-04 06:00:00,6.4,HP1
FINE,2022-01-04 07:00:00,6.8,HP1
FINE,2022-01-04 08:00:00,7.2,HP1
FINE,2022-01-04 09:00:00,5.6,HP1
FINE,2022-01-04 10:00:00,1.3,HP1
FINE,2022-01-04 11:00:00,1.3,HP1
FINE,2022-01-04 12:00:00,2.7,HP1
FINE,2022-01-04 13:00:00,2.8,HP1
FINE,2022-01-04 14:00:00,2.9,HP1
FINE,2022-01-04 15:00:00,3.4,HP1
FINE,2022-01-04 16:00:00,3.8,HP1
FINE,2022-01-04 17:00:00,8.1,HP1
FINE,2022-01-04 18:00:00,6.9,HP1
FINE,2022-01-04 19:00:00,8.3,HP1
FINE,2022-01-04 20:00:00,9.1,HP1
FINE,2022-01-04 21:00:00,7.8,HP1
FINE,2022-01-04 22:00:00,5.9,HP1
FINE,2022-01-04 23:00:00,4.3,HP1
FINE,2022-01-05 00:00:00,4.4,HP1
FINE,2022-01-05 01:00:00,4.5,HP1
FINE,2022-01-05 02:00:00,4.3,HP1
FINE,2022-01-05 03:00:00,3.9,HP1
FINE,2022-01-05 04:00:00,4.3,HP1
FINE,2022-01-05 05:00:00,4.8,HP1
FINE,2022-01-05 06:00:00,4.9,HP1
FINE,2022-01-05 07:00:00,5.1,HP1
FINE,2022-01-05 08:00:00,5.5,HP1
FINE,2022-01-05 09:00:00,5.9,HP1
FINE,2022-01-05 10:00:00,6,HP1
FINE,2022-01-05 11:00:00,6.6,HP1
FINE,2022-01-05 12:00:00,6.5,HP1
FINE,2022-01-05 13:00:00,5.8,HP1
FINE,2022-01-05 14:00:00,5.2,HP1
FINE,2022-01-05 15:00:00,5.1,HP1
FINE,2022-01-05 16:00:00,5.8,HP1
FINE,2022-01-05 17:00:00,7.3,HP1
FINE,2022-01-05 18:00:00,9.8,HP1
FINE,2022-01-05 19:00:00,12.1,HP1
FINE,2022-01-05 20:00:00,14.3,HP1
FINE,2022-01-05 21:00:00,15.7,HP1
FINE,2022-01-05 22:00:00,15.4,HP1
FINE,2022-01-05 23:00:00,15.1,HP1
FINE,2022-01-06 00:00:00,14.8,HP1
FINE,2022-01-06 01:00:00,13.5,HP1
FINE,2022-01-06 02:00:00,12,HP1
FINE,2022-01-06 03:00:00,11.6,HP1
FINE,2022-01-06 04:00:00,11.7,HP1
FINE,2022-01-06 05:00:00,11.1,HP1
FINE,2022-01-06 06:00:00,10.8,HP1
FINE,2022-01-06 07:00:00,11.8,HP1
FINE,2022-01-06 08:00:00,13,HP1
FINE,2022-01-06 09:00:00,12.2,HP1
FINE,2022-01-06 10:00:00,8.2,HP1
FINE,2022-01-06 11:00:00,6.9,HP1
FINE,2022-01-06 12:00:00,7.6,HP1
FINE,2022-01-06 13:00:00,8.6,HP1
FINE,2022-01-06 14:00:00,6.2,HP1
FINE,2022-01-06 15:00:00,5.3,HP1
FINE,2022-01-06 16:00:00,5.3,HP1
FINE,2022-01-06 17:00:00,5.6,HP1
FINE,2022-01-06 18:00:00,5.5,HP1
FINE,2022-01-06 19:00:00,4,HP1
FINE,2022-01-06 20:00:00,2.3,HP1
FINE,2022-01-06 21:00:00,1.7,HP1
FINE,2022-01-06 22:00:00,3,HP1
FINE,2022-01-06 23:00:00,4.5,HP1
FINE,2022-01-07 00:00:00,2.9,HP1
FINE,2022-01-07 01:00:00,2.5,HP1
FINE,2022-01-07 02:00:00,3.8,HP1
FINE,2022-01-07 03:00:00,4.9,HP1
FINE,2022-01-07 04:00:00,4.6,HP1
FINE,2022-01-07 05:00:00,3.4,HP1
FINE,2022-01-07 06:00:00,2.4,HP1
FINE,2022-01-07 07:00:00,2.5,HP1
FINE,2022-01-07 08:00:00,2.4,HP1
FINE,2022-01-07 09:00:00,3.4,HP1
FINE,2022-01-07 10:00:00,2.7,HP1
FINE,2022-01-07 11:00:00,3.2,HP1
FINE,2022-01-07 12:00:00,4,HP1
FINE,2022-01-07 13:00:00,4.4,HP1
FINE,2022-01-07 14:00:00,4.5,HP1
FINE,2022-01-07 15:00:00,4.9,HP1
FINE,2022-01-07 16:00:00,3.6,HP1
FINE,2022-01-07 17:00:00,2.3,HP1
FINE,2022-01-07 18:00:00,3.4,HP1
FINE,2022-01-07 19:00:00,5.8,HP1
FINE,2022-01-07 20:00:00,7.3,HP1
FINE,2022-01-07 21:00:00,8.4,HP1
FINE,2022-01-07 22:00:00,8.7,HP1
FINE,2022-01-07 23:00:00,7.8,HP1
FINE,2022-01-08 00:00:00,8.6,HP1
FINE,2022-01-08 01:00:00,7,HP1
FINE,2022-01-08 02:00:00,5.1,HP1
FINE,2022-01-08 03:00:00,4.9,HP1
FINE,2022-01-08 04:00:00,5.1,HP1
FINE,2022-01-08 05:00:00,4.4,HP1
FINE,2022-01-08 06:00:00,4.5,HP1
FINE,2022-01-08 07:00:00,5.7,HP1
FINE,2022-01-08 08:00:00,5.7,HP1
FINE,2022-01-08 09:00:00,6.7,HP1
FINE,2022-01-08 10:00:00,5.3,HP1
FINE,2022-01-08 11:00:00,3,HP1
FINE,2022-01-08 12:00:00,2,HP1
FINE,2022-01-08 13:00:00,1.6,HP1
FINE,2022-01-08 14:00:00,1.7,HP1
FINE,2022-01-08 15:00:00,2.8,HP1
FINE,2022-01-08 16:00:00,5.7,HP1
FINE,2022-01-08 17:00:00,6.6,HP1
FINE,2022-01-08 18:00:00,7.6,HP1
FINE,2022-01-08 19:00:00,10.5,HP1
FINE,2022-01-08 20:00:00,7.6,HP1
FINE,2022-01-08 21:00:00,4.7,HP1
FINE,2022-01-08 22:00:00,5.7,HP1
FINE,2022-01-08 23:00:00,5.2,HP1
FINE,2022-01-09 00:00:00,5.1,HP1
FINE,2022-01-09 01:00:00,5.2,HP1
FINE,2022-01-09 02:00:00,5.1,HP1
FINE,2022-01-09 03:00:00,5.3,HP1
FINE,2022-01-09 04:00:00,5.2,HP1
FINE,2022-01-09 05:00:00,5.6,HP1
FINE,2022-01-09 06:00:00,5.8,HP1
FINE,2022-01-09 07:00:00,5.6,HP1
FINE,2022-01-09 08:00:00,5.8,HP1
FINE,2022-01-09 09:00:00,5.8,HP1
FINE,2022-01-09 10:00:00,5.9,HP1
FINE,2022-01-09 11:00:00,5.5,HP1
FINE,2022-01-09 12:00:00,5.6,HP1
FINE,2022-01-09 13:00:00,5.4,HP1
FINE,2022-01-09 14:00:00,5.8,HP1
FINE,2022-01-09 15:00:00,6.5,HP1
FINE,2022-01-09 16:00:00,10.7,HP1
FINE,2022-01-09 17:00:00,13,HP1
FINE,2022-01-09 18:00:00,15.3,HP1
FINE,2022-01-09 19:00:00,16.5,HP1
FINE,2022-01-09 20:00:00,17.8,HP1
FINE,2022-01-09 21:00:00,21.2,HP1
FINE,2022-01-09 22:00:00,14.3,HP1
FINE,2022-01-09 23:00:00,16.1,HP1
FINE,2022-01-10 00:00:00,14.7,HP1
FINE,2022-01-10 01:00:00,13.4,HP1
FINE,2022-01-10 02:00:00,12.9,HP1
FINE,2022-01-10 03:00:00,12.1,HP1
FINE,2022-01-10 04:00:00,9.2,HP1
FINE,2022-01-10 05:00:00,8.6,HP1
FINE,2022-01-10 06:00:00,8.7,HP1
FINE,2022-01-10 07:00:00,9.1,HP1
FINE,2022-01-10 08:00:00,9.9,HP1
FINE,2022-01-10 09:00:00,11.1,HP1
FINE,2022-01-10 10:00:00,14.1,HP1
FINE,2022-01-10 11:00:00,13.1,HP1
FINE,2022-01-10 12:00:00,11,HP1
FINE,2022-01-10 13:00:00,9.6,HP1
FINE,2022-01-10 14:00:00,10.6,HP1
FINE,2022-01-10 15:00:00,10.9,HP1
FINE,2022-01-10 16:00:00,12.1,HP1
FINE,2022-01-10 17:00:00,13.1,HP1
FINE,2022-01-10 18:00:00,13.2,HP1
FINE,2022-01-10 19:00:00,13,HP1
FINE,2022-01-10 20:00:00,16.7,HP1
FINE,2022-01-10 21:00:00,15.8,HP1
FINE,2022-01-10 22:00:00,13.2,HP1
FINE,2022-01-10 23:00:00,15.1,HP1
FINE,2022-01-11 00:00:00,15,HP1
FINE,2022-01-11 01:00:00,16,HP1
FINE,2022-01-11 02:00:00,15.6,HP1
FINE,2022-01-11 03:00:00,12.7,HP1
FINE,2022-01-11 04:00:00,9.6,HP1
FINE,2022-01-11 05:00:00,7.9,HP1
FINE,2022-01-11 06:00:00,8.1,HP1
FINE,2022-01-11 07:00:00,5.1,HP1
FINE,2022-01-11 08:00:00,3.9,HP1
FINE,2022-01-11 09:00:00,3.9,HP1
FINE,2022-01-11 10:00:00,3.7,HP1
FINE,2022-01-11 11:00:00,5.8,HP1
FINE,2022-01-11 12:00:00,7.3,HP1
FINE,2022-01-11 13:00:00,7.7,HP1
FINE,2022-01-11 14:00:00,6.4,HP1
FINE,2022-01-11 15:00:00,6.8,HP1
FINE,2022-01-11 16:00:00,7.4,HP1
FINE,2022-01-11 17:00:00,8.4,HP1
FINE,2022-01-11 18:00:00,6.4,HP1
FINE,2022-01-11 19:00:00,10,HP1
FINE,2022-01-11 20:00:00,13.9,HP1
FINE,2022-01-11 21:00:00,12.6,HP1
FINE,2022-01-11 22:00:00,10.8,HP1
FINE,2022-01-11 23:00:00,10.7,HP1
FINE,2022-01-12 00:00:00,10.3,HP1
FINE,2022-01-12 01:00:00,12.8,HP1
FINE,2022-01-12 02:00:00,13.9,HP1
FINE,2022-01-12 03:00:00,13.9,HP1
FINE,2022-01-12 04:00:00,13.6,HP1
FINE,2022-01-12 05:00:00,16,HP1
FINE,2022-01-12 06:00:00,15.2,HP1
FINE,2022-01-12 07:00:00,15,HP1
FINE,2022-01-12 08:00:00,13.4,HP1
FINE,2022-01-12 09:00:00,15,HP1
FINE,2022-01-12 10:00:00,18.9,HP1
FINE,2022-01-12 11:00:00,19.5,HP1
FINE,2022-01-12 12:00:00,20.5,HP1
FINE,2022-01-12 13:00:00,18.5,HP1
FINE,2022-01-12 14:00:00,21,HP1
FINE,2022-01-12 15:00:00,18.9,HP1
FINE,2022-01-12 16:00:00,20.5,HP1
FINE,2022-01-12 17:00:00,21.3,HP1
FINE,2022-01-12 18:00:00,19.5,HP1
FINE,2022-01-12 19:00:00,21.3,HP1
FINE,2022-01-12 20:00:00,23.6,HP1
FINE,2022-01-12 21:00:00,27.2,HP1
FINE,2022-01-12 22:00:00,25.8,HP1
FINE,2022-01-12 23:00:00,25,HP1
FINE,2022-01-13 00:00:00,21.6,HP1
FINE,2022-01-13 01:00:00,18.8,HP1
FINE,2022-01-13 02:00:00,16,HP1
FINE,2022-01-13 03:00:00,14.8,HP1
FINE,2022-01-13 04:00:00,13.2,HP1
FINE,2022-01-13 05:00:00,12.2,HP1
FINE,2022-01-13 06:00:00,11.7,HP1
FINE,2022-01-13 07:00:00,11.2,HP1
FINE,2022-01-13 08:00:00,11.7,HP1
FINE,2022-01-13 09:00:00,12.8,HP1
FINE,2022-01-13 10:00:00,16.2,HP1
FINE,2022-01-13 11:00:00,19.3,HP1
FINE,2022-01-13 12:00:00,14.7,HP1
FINE,2022-01-13 13:00:00,12.1,HP1
FINE,2022-01-13 14:00:00,11.1,HP1
FINE,2022-01-13 15:00:00,14.6,HP1
FINE,2022-01-13 16:00:00,16.1,HP1
FINE,2022-01-13 17:00:00,15.1,HP1
FINE,2022-01-13 18:00:00,10.9,HP1
FINE,2022-01-13 19:00:00,17.4,HP1
FINE,2022-01-13 20:00:00,21.3,HP1
FINE,2022-01-13 21:00:00,25.2,HP1
FINE,2022-01-13 22:00:00,21.4,HP1
FINE,2022-01-13 23:00:00,20.9,HP1
FINE,2022-01-14 00:00:00,18.2,HP1
FINE,2022-01-14 01:00:00,17.7,HP1
FINE,2022-01-14 02:00:00,16.9,HP1
FINE,2022-01-14 03:00:00,16.2,HP1
FINE,2022-01-14 04:00:00,15.1,HP1
FINE,2022-01-14 05:00:00,15.4,HP1
FINE,2022-01-14 06:00:00,16.6,HP1
FINE,2022-01-14 07:00:00,16.1,HP1
FINE,2022-01-14 08:00:00,15.2,HP1
FINE,2022-01-14 09:00:00,17.2,HP1
FINE,2022-01-14 10:00:00,23.6,HP1
FINE,2022-01-14 11:00:00,26.8,HP1
FINE,2022-01-14 12:00:00,27.1,HP1
FINE,2022-01-14 13:00:00,23,HP1
FINE,2022-01-14 14:00:00,22.7,HP1
FINE,2022-01-14 15:00:00,32.4,HP1
FINE,2022-01-14 16:00:00,31.3,HP1
FINE,2022-01-14 17:00:00,31.3,HP1
FINE,2022-01-14 18:00:00,33.3,HP1
FINE,2022-01-14 19:00:00,36.6,HP1
FINE,2022-01-14 20:00:00,44.8,HP1
FINE,2022-01-14 21:00:00,40.4,HP1
FINE,2022-01-14 22:00:00,37,HP1
FINE,2022-01-14 23:00:00,31.6,HP1
FINE,2022-01-15 00:00:00,28,HP1
FINE,2022-01-15 01:00:00,26.8,HP1
FINE,2022-01-15 02:00:00,27.6,HP1
FINE,2022-01-15 03:00:00,20.6,HP1
FINE,2022-01-15 04:00:00,15.6,HP1
FINE,2022-01-15 05:00:00,15,HP1
FINE,2022-01-15 06:00:00,15.9,HP1
FINE,2022-01-15 07:00:00,17.8,HP1
FINE,2022-01-15 08:00:00,20.6,HP1
FINE,2022-01-15 09:00:00,22.5,HP1
FINE,2022-01-15 10:00:00,26.1,HP1
FINE,2022-01-15 11:00:00,26.5,HP1
FINE,2022-01-15 12:00:00,28.2,HP1
FINE,2022-01-15 13:00:00,26.3,HP1
FINE,2022-01-15 14:00:00,26.3,HP1
FINE,2022-01-15 15:00:00,28.4,HP1
FINE,2022-01-15 16:00:00,28.1,HP1
FINE,2022-01-15 17:00:00,27.9,HP1
FINE,2022-01-15 18:00:00,35.7,HP1
FINE,2022-01-15 19:00:00,30.5,HP1
FINE,2022-01-15 20:00:00,40.1,HP1
FINE,2022-01-15 21:00:00,35.4,HP1
FINE,2022-01-15 22:00:00,39.3,HP1
FINE,2022-01-15 23:00:00,36.8,HP1
FINE,2022-01-16 00:00:00,23.6,HP1
FINE,2022-01-16 01:00:00,17.5,HP1
FINE,2022-01-16 02:00:00,16.7,HP1
FINE,2022-01-16 03:00:00,17.9,HP1
FINE,2022-01-16 04:00:00,17.2,HP1
FINE,2022-01-16 05:00:00,16,HP1
FINE,2022-01-16 06:00:00,13.4,HP1
FINE,2022-01-16 07:00:00,13.9,HP1
FINE,2022-01-16 08:00:00,13.7,HP1
FINE,2022-01-16 09:00:00,13.4,HP1
FINE,2022-01-16 10:00:00,13.6,HP1
FINE,2022-01-16 11:00:00,13.3,HP1
FINE,2022-01-16 12:00:00,12,HP1
FINE,2022-01-16 13:00:00,13.9,HP1
FINE,2022-01-16 14:00:00,14.5,HP1
FINE,2022-01-16 15:00:00,15,HP1
FINE,2022-01-16 16:00:00,11.9,HP1
FINE,2022-01-16 17:00:00,20.3,HP1
FINE,2022-01-16 18:00:00,20.3,HP1
FINE,2022-01-16 19:00:00,20.7,HP1
FINE,2022-01-16 20:00:00,10.8,HP1
FINE,2022-01-16 21:00:00,13.6,HP1
FINE,2022-01-16 22:00:00,9,HP1
FINE,2022-01-16 23:00:00,9.6,HP1
FINE,2022-01-17 00:00:00,9.9,HP1
FINE,2022-01-17 01:00:00,9.6,HP1
FINE,2022-01-17 02:00:00,8.3,HP1
FINE,2022-01-17 03:00:00,7,HP1
FINE,2022-01-17 04:00:00,6.7,HP1
FINE,2022-01-17 05:00:00,6.8,HP1
FINE,2022-01-17 06:00:00,7.5,HP1
FINE,2022-01-17 07:00:00,8.4,HP1
FINE,2022-01-17 08:00:00,9.4,HP1
FINE,2022-01-17 09:00:00,9.7,HP1
FINE,2022-01-17 10:00:00,10.2,HP1
FINE,2022-01-17 11:00:00,10.9,HP1
FINE,2022-01-17 12:00:00,12.6,HP1
FINE,2022-01-17 13:00:00,13.5,HP1
FINE,2022-01-17 14:00:00,15.4,HP1
FINE,2022-01-17 15:00:00,15.8,HP1
FINE,2022-01-17 16:00:00,18,HP1
FINE,2022-01-17 17:00:00,16.8,HP1
FINE,2022-01-17 18:00:00,21.7,HP1
FINE,2022-01-17 19:00:00,28.7,HP1
FINE,2022-01-17 20:00:00,32.1,HP1
FINE,2022-01-17 21:00:00,32.9,HP1
FINE,2022-01-17 22:00:00,30.4,HP1
FINE,2022-01-17 23:00:00,29,HP1
FINE,2022-01-18 00:00:00,29,HP1
FINE,2022-01-18 01:00:00,22.9,HP1
FINE,2022-01-18 02:00:00,21.5,HP1
FINE,2022-01-18 03:00:00,17.2,HP1
FINE,2022-01-18 04:00:00,14.8,HP1
FINE,2022-01-18 05:00:00,12.6,HP1
FINE,2022-01-18 06:00:00,11.4,HP1
FINE,2022-01-18 07:00:00,11.1,HP1
FINE,2022-01-18 08:00:00,12.6,HP1
FINE,2022-01-18 09:00:00,14.9,HP1
FINE,2022-01-18 10:00:00,17.1,HP1
FINE,2022-01-18 11:00:00,15.5,HP1
FINE,2022-01-18 12:00:00,14.1,HP1
FINE,2022-01-18 13:00:00,16.1,HP1
FINE,2022-01-18 14:00:00,14,HP1
FINE,2022-01-18 15:00:00,14.7,HP1
FINE,2022-01-18 16:00:00,15.9,HP1
FINE,2022-01-18 17:00:00,18.1,HP1
FINE,2022-01-18 18:00:00,25.1,HP1
FINE,2022-01-18 19:00:00,36.4,HP1
FINE,2022-01-18 20:00:00,47.9,HP1
FINE,2022-01-18 21:00:00,27.7,HP1
FINE,2022-01-18 22:00:00,28,HP1
FINE,2022-01-18 23:00:00,25.5,HP1
FINE,2022-01-19 00:00:00,22.9,HP1
FINE,2022-01-19 01:00:00,21.7,HP1
FINE,2022-01-19 02:00:00,18.4,HP1
FINE,2022-01-19 03:00:00,14.5,HP1
FINE,2022-01-19 04:00:00,14.8,HP1
FINE,2022-01-19 05:00:00,13.2,HP1
FINE,2022-01-19 06:00:00,10.2,HP1
FINE,2022-01-19 07:00:00,10.1,HP1
FINE,2022-01-19 08:00:00,10.9,HP1
FINE,2022-01-19 09:00:00,11.8,HP1
FINE,2022-01-19 10:00:00,11.7,HP1
FINE,2022-01-19 11:00:00,11.2,HP1
FINE,2022-01-19 12:00:00,7.9,HP1
FINE,2022-01-19 13:00:00,6.9,HP1
FINE,2022-01-19 14:00:00,8.3,HP1
FINE,2022-01-19 15:00:00,5.7,HP1
FINE,2022-01-19 16:00:00,5.3,HP1
FINE,2022-01-19 17:00:00,5.7,HP1
FINE,2022-01-19 18:00:00,7.5,HP1
FINE,2022-01-19 19:00:00,7.7,HP1
FINE,2022-01-19 20:00:00,7.3,HP1
FINE,2022-01-19 21:00:00,7.8,HP1
FINE,2022-01-19 22:00:00,8.7,HP1
FINE,2022-01-19 23:00:00,8.9,HP1
FINE,2022-01-20 00:00:00,9.2,HP1
FINE,2022-01-20 01:00:00,9,HP1
FINE,2022-01-20 02:00:00,8.5,HP1
FINE,2022-01-20 03:00:00,7.4,HP1
FINE,2022-01-20 04:00:00,7.2,HP1
FINE,2022-01-20 05:00:00,6.5,HP1
FINE,2022-01-20 06:00:00,6.9,HP1
FINE,2022-01-20 07:00:00,6.1,HP1
FINE,2022-01-20 08:00:00,5.9,HP1
FINE,2022-01-20 09:00:00,7.1,HP1
FINE,2022-01-20 10:00:00,7,HP1
FINE,2022-01-20 11:00:00,6.6,HP1
FINE,2022-01-20 12:00:00,6.3,HP1
FINE,2022-01-20 13:00:00,5.3,HP1
FINE,2022-01-20 14:00:00,5.6,HP1
FINE,2022-01-20 15:00:00,6,HP1
FINE,2022-01-20 16:00:00,6.8,HP1
FINE,2022-01-20 17:00:00,6.7,HP1
FINE,2022-01-20 18:00:00,7.1,HP1
FINE,2022-01-20 19:00:00,7.7,HP1
FINE,2022-01-20 20:00:00,7.6,HP1
FINE,2022-01-20 21:00:00,8.6,HP1
FINE,2022-01-20 22:00:00,7.7,HP1
FINE,2022-01-20 23:00:00,7.5,HP1
FINE,2022-01-21 00:00:00,7.3,HP1
FINE,2022-01-21 01:00:00,6.7,HP1
FINE,2022-01-21 02:00:00,6.4,HP1
FINE,2022-01-21 03:00:00,7.2,HP1
FINE,2022-01-21 04:00:00,7.8,HP1
FINE,2022-01-21 05:00:00,7.8,HP1
FINE,2022-01-21 06:00:00,8.2,HP1
FINE,2022-01-21 07:00:00,9.3,HP1
FINE,2022-01-21 08:00:00,11,HP1
FINE,2022-01-21 09:00:00,13.6,HP1
FINE,2022-01-21 10:00:00,16,HP1
FINE,2022-01-21 11:00:00,18.1,HP1
FINE,2022-01-21 12:00:00,16.9,HP1
FINE,2022-01-21 13:00:00,15,HP1
FINE,2022-01-21 14:00:00,12.1,HP1
FINE,2022-01-21 15:00:00,10.4,HP1
FINE,2022-01-21 16:00:00,10.4,HP1
FINE,2022-01-21 17:00:00,11.5,HP1
FINE,2022-01-21 18:00:00,12.4,HP1
FINE,2022-01-21 19:00:00,14.9,HP1
FINE,2022-01-21 20:00:00,16.3,HP1
FINE,2022-01-21 21:00:00,15.9,HP1
FINE,2022-01-21 22:00:00,14,HP1
FINE,2022-01-21 23:00:00,13.5,HP1
FINE,2022-01-22 00:00:00,13.5,HP1
FINE,2022-01-22 01:00:00,12.8,HP1
FINE,2022-01-22 02:00:00,11.4,HP1
FINE,2022-01-22 03:00:00,10.3,HP1
FINE,2022-01-22 04:00:00,9.2,HP1
FINE,2022-01-22 05:00:00,9,HP1
FINE,2022-01-22 06:00:00,9.4,HP1
FINE,2022-01-22 07:00:00,9.8,HP1
FINE,2022-01-22 08:00:00,11.3,HP1
FINE,2022-01-22 09:00:00,12.7,HP1
FINE,2022-01-22 10:00:00,14.4,HP1
FINE,2022-01-22 11:00:00,14.2,HP1
FINE,2022-01-22 12:00:00,11.2,HP1
FINE,2022-01-22 13:00:00,12,HP1
FINE,2022-01-22 14:00:00,15.2,HP1
FINE,2022-01-22 15:00:00,15.5,HP1
FINE,2022-01-22 16:00:00,15.1,HP1
FINE,2022-01-22 17:00:00,15,HP1
FINE,2022-01-22 18:00:00,17.6,HP1
FINE,2022-01-22 19:00:00,20.5,HP1
FINE,2022-01-22 20:00:00,22.4,HP1
FINE,2022-01-22 21:00:00,22,HP1
FINE,2022-01-22 22:00:00,19.5,HP1
FINE,2022-01-22 23:00:00,17.9,HP1
FINE,2022-01-23 00:00:00,13.3,HP1
FINE,2022-01-23 01:00:00,12,HP1
FINE,2022-01-23 02:00:00,12.2,HP1
FINE,2022-01-23 03:00:00,12.4,HP1
FINE,2022-01-23 04:00:00,12.7,HP1
FINE,2022-01-23 05:00:00,12.7,HP1
FINE,2022-01-23 06:00:00,13.5,HP1
FINE,2022-01-23 07:00:00,15.9,HP1
FINE,2022-01-23 08:00:00,17.3,HP1
FINE,2022-01-23 09:00:00,16.8,HP1
FINE,2022-01-23 10:00:00,15.6,HP1
FINE,2022-01-23 11:00:00,16.4,HP1
FINE,2022-01-23 12:00:00,14.4,HP1
FINE,2022-01-23 13:00:00,14.7,HP1
FINE,2022-01-23 14:00:00,14.4,HP1
FINE,2022-01-23 15:00:00,17,HP1
FINE,2022-01-23 16:00:00,19.1,HP1
FINE,2022-01-23 17:00:00,16.1,HP1
FINE,2022-01-23 18:00:00,18.3,HP1
FINE,2022-01-23 19:00:00,18.8,HP1
FINE,2022-01-23 20:00:00,16.8,HP1
FINE,2022-01-23 21:00:00,17.6,HP1
FINE,2022-01-23 22:00:00,16.9,HP1
FINE,2022-01-23 23:00:00,17.1,HP1
FINE,2022-01-24 00:00:00,16.9,HP1
FINE,2022-01-24 01:00:00,17.2,HP1
FINE,2022-01-24 02:00:00,17.5,HP1
FINE,2022-01-24 03:00:00,17.8,HP1
FINE,2022-01-24 04:00:00,18.8,HP1
FINE,2022-01-24 05:00:00,19.3,HP1
FINE,2022-01-24 06:00:00,19.2,HP1
FINE,2022-01-24 07:00:00,19.3,HP1
FINE,2022-01-24 08:00:00,18.2,HP1
FINE,2022-01-24 09:00:00,16.7,HP1
FINE,2022-01-24 10:00:00,17.2,HP1
FINE,2022-01-24 11:00:00,17.8,HP1
FINE,2022-01-24 12:00:00,19.4,HP1
FINE,2022-01-24 13:00:00,20.3,HP1
FINE,2022-01-24 14:00:00,22.6,HP1
FINE,2022-01-24 15:00:00,22.5,HP1
FINE,2022-01-24 16:00:00,23.9,HP1
FINE,2022-01-24 17:00:00,25.2,HP1
FINE,2022-01-24 18:00:00,25.9,HP1
FINE,2022-01-24 19:00:00,25.8,HP1
FINE,2022-01-24 20:00:00,25,HP1
FINE,2022-01-24 21:00:00,22.5,HP1
FINE,2022-01-24 22:00:00,22.3,HP1
FINE,2022-01-24 23:00:00,21.4,HP1
FINE,2022-01-25 00:00:00,23.1,HP1
FINE,2022-01-25 01:00:00,25.5,HP1
FINE,2022-01-25 02:00:00,25.3,HP1
FINE,2022-01-25 03:00:00,25.1,HP1
FINE,2022-01-25 04:00:00,23.7,HP1
FINE,2022-01-25 05:00:00,23.3,HP1
FINE,2022-01-25 06:00:00,24.2,HP1
FINE,2022-01-25 07:00:00,23.4,HP1
FINE,2022-01-25 08:00:00,23.5,HP1
FINE,2022-01-25 09:00:00,24.7,HP1
FINE,2022-01-25 10:00:00,24.8,HP1
FINE,2022-01-25 11:00:00,25.1,HP1
FINE,2022-01-25 12:00:00,28,HP1
FINE,2022-01-25 13:00:00,31.7,HP1
FINE,2022-01-25 14:00:00,27.2,HP1
FINE,2022-01-25 15:00:00,25.7,HP1
FINE,2022-01-25 16:00:00,19.8,HP1
FINE,2022-01-25 17:00:00,20,HP1
FINE,2022-01-25 18:00:00,27.8,HP1
FINE,2022-01-25 19:00:00,20.9,HP1
FINE,2022-01-25 20:00:00,18.9,HP1
FINE,2022-01-25 21:00:00,19.2,HP1
FINE,2022-01-25 22:00:00,21.2,HP1
FINE,2022-01-25 23:00:00,24.3,HP1
FINE,2022-01-26 00:00:00,22.7,HP1
FINE,2022-01-26 01:00:00,23.9,HP1
FINE,2022-01-26 02:00:00,26.6,HP1
FINE,2022-01-26 03:00:00,26.8,HP1
FINE,2022-01-26 04:00:00,25.4,HP1
FINE,2022-01-26 05:00:00,24.7,HP1
FINE,2022-01-26 06:00:00,23.1,HP1
FINE,2022-01-26 07:00:00,20.4,HP1
FINE,2022-01-26 08:00:00,18.3,HP1
FINE,2022-01-26 09:00:00,18.5,HP1
FINE,2022-01-26 10:00:00,21,HP1
FINE,2022-01-26 11:00:00,19,HP1
FINE,2022-01-26 12:00:00,17.5,HP1
FINE,2022-01-26 13:00:00,13.5,HP1
FINE,2022-01-26 14:00:00,11.1,HP1
FINE,2022-01-26 15:00:00,14.8,HP1
FINE,2022-01-26 16:00:00,17.3,HP1
FINE,2022-01-26 17:00:00,18,HP1
FINE,2022-01-26 18:00:00,17.1,HP1
FINE,2022-01-26 19:00:00,16.1,HP1
FINE,2022-01-26 20:00:00,16.7,HP1
FINE,2022-01-26 21:00:00,16.6,HP1
FINE,2022-01-26 22:00:00,15.8,HP1
FINE,2022-01-26 23:00:00,13.9,HP1
FINE,2022-01-27 00:00:00,13.2,HP1
FINE,2022-01-27 01:00:00,13.1,HP1
FINE,2022-01-27 02:00:00,11.8,HP1
FINE,2022-01-27 03:00:00,9.8,HP1
FINE,2022-01-27 04:00:00,8.2,HP1
FINE,2022-01-27 05:00:00,7.1,HP1
FINE,2022-01-27 06:00:00,6.9,HP1
FINE,2022-01-27 07:00:00,6.6,HP1
FINE,2022-01-27 08:00:00,6,HP1
FINE,2022-01-27 09:00:00,6.1,HP1
FINE,2022-01-27 10:00:00,5.9,HP1
FINE,2022-01-27 11:00:00,6.1,HP1
FINE,2022-01-27 12:00:00,4.5,HP1
FINE,2022-01-27 13:00:00,3.9,HP1
FINE,2022-01-27 14:00:00,4.2,HP1
FINE,2022-01-27 15:00:00,3.6,HP1
FINE,2022-01-27 16:00:00,3.8,HP1
FINE,2022-01-27 17:00:00,4.5,HP1
FINE,2022-01-27 18:00:00,4.8,HP1
FINE,2022-01-27 19:00:00,6,HP1
FINE,2022-01-27 20:00:00,10.3,HP1
FINE,2022-01-27 21:00:00,8.5,HP1
FINE,2022-01-27 22:00:00,8.9,HP1
FINE,2022-01-27 23:00:00,9.5,HP1
FINE,2022-01-28 00:00:00,9.2,HP1
FINE,2022-01-28 01:00:00,8.4,HP1
FINE,2022-01-28 02:00:00,7.4,HP1
FINE,2022-01-28 03:00:00,6.9,HP1
FINE,2022-01-28 04:00:00,7.3,HP1
FINE,2022-01-28 05:00:00,7.4,HP1
FINE,2022-01-28 06:00:00,7.7,HP1
FINE,2022-01-28 07:00:00,7.9,HP1
FINE,2022-01-28 08:00:00,8.6,HP1
FINE,2022-01-28 09:00:00,7.7,HP1
FINE,2022-01-28 10:00:00,12.9,HP1
FINE,2022-01-28 11:00:00,8.2,HP1
FINE,2022-01-28 12:00:00,6.1,HP1
FINE,2022-01-28 13:00:00,5.9,HP1
FINE,2022-01-28 14:00:00,7.6,HP1
FINE,2022-01-28 15:00:00,7.4,HP1
FINE,2022-01-28 16:00:00,6.7,HP1
FINE,2022-01-28 17:00:00,8.8,HP1
FINE,2022-01-28 18:00:00,7.4,HP1
FINE,2022-01-28 19:00:00,5,HP1
FINE,2022-01-28 20:00:00,4.9,HP1
FINE,2022-01-28 21:00:00,5.3,HP1
FINE,2022-01-28 22:00:00,5.2,HP1
FINE,2022-01-28 23:00:00,4.3,HP1
FINE,2022-01-29 00:00:00,3,HP1
FINE,2022-01-29 01:00:00,2.1,HP1
FINE,2022-01-29 02:00:00,1.5,HP1
FINE,2022-01-29 03:00:00,0.9,HP1
FINE,2022-01-29 04:00:00,0.9,HP1
FINE,2022-01-29 05:00:00,1,HP1
FINE,2022-01-29 06:00:00,0.9,HP1
FINE,2022-01-29 07:00:00,0.7,HP1
FINE,2022-01-29 08:00:00,0.7,HP1
FINE,2022-01-29 09:00:00,0.9,HP1
FINE,2022-01-29 10:00:00,1.3,HP1
FINE,2022-01-29 11:00:00,1.6,HP1
FINE,2022-01-29 12:00:00,1.8,HP1
FINE,2022-01-29 13:00:00,2.4,HP1
FINE,2022-01-29 14:00:00,2.6,HP1
FINE,2022-01-29 15:00:00,3,HP1
FINE,2022-01-29 16:00:00,3.4,HP1
FINE,2022-01-29 17:00:00,6.4,HP1
FINE,2022-01-29 18:00:00,9.5,HP1
FINE,2022-01-29 19:00:00,10.5,HP1
FINE,2022-01-29 20:00:00,9.2,HP1
FINE,2022-01-29 21:00:00,9.5,HP1
FINE,2022-01-29 22:00:00,9.9,HP1
FINE,2022-01-29 23:00:00,7.6,HP1
FINE,2022-01-30 00:00:00,7.9,HP1
FINE,2022-01-30 01:00:00,9.5,HP1
FINE,2022-01-30 02:00:00,8.7,HP1
FINE,2022-01-30 03:00:00,8.1,HP1
FINE,2022-01-30 04:00:00,7.7,HP1
FINE,2022-01-30 05:00:00,7.7,HP1
FINE,2022-01-30 06:00:00,7.6,HP1
FINE,2022-01-30 07:00:00,7.7,HP1
FINE,2022-01-30 08:00:00,8.4,HP1
FINE,2022-01-30 09:00:00,8.8,HP1
FINE,2022-01-30 10:00:00,9.5,HP1
FINE,2022-01-30 11:00:00,10.6,HP1
FINE,2022-01-30 12:00:00,9.9,HP1
FINE,2022-01-30 13:00:00,9.7,HP1
FINE,2022-01-30 14:00:00,8.8,HP1
FINE,2022-01-30 15:00:00,8.6,HP1
FINE,2022-01-30 16:00:00,7.6,HP1
FINE,2022-01-30 17:00:00,8.8,HP1
FINE,2022-01-30 18:00:00,10.5,HP1
FINE,2022-01-30 19:00:00,9.2,HP1
FINE,2022-01-30 20:00:00,8.3,HP1
FINE,2022-01-30 21:00:00,8.4,HP1
FINE,2022-01-30 22:00:00,6.3,HP1
FINE,2022-01-30 23:00:00,4,HP1
NO2,2022-01-01 00:00:00,7.2,HP1
NO2,2022-01-01 01:00:00,5.9,HP1
NO2,2022-01-01 02:00:00,4.8,HP1
NO2,2022-01-01 03:00:00,4.1,HP1
NO2,2022-01-01 04:00:00,3.6,HP1
NO2,2022-01-01 05:00:00,2.9,HP1
NO2,2022-01-01 06:00:00,2.9,HP1
NO2,2022-01-01 07:00:00,3.8,HP1
NO2,2022-01-01 08:00:00,5.6,HP1
NO2,2022-01-01 09:00:00,6,HP1
NO2,2022-01-01 10:00:00,6.6,HP1
NO2,2022-01-01 11:00:00,6.8,HP1
NO2,2022-01-01 12:00:00,7.3,HP1
NO2,2022-01-01 13:00:00,7.7,HP1
NO2,2022-01-01 14:00:00,8.1,HP1
NO2,2022-01-01 15:00:00,7.2,HP1
NO2,2022-01-01 16:00:00,8.9,HP1
NO2,2022-01-01 17:00:00,9.7,HP1
NO2,2022-01-01 18:00:00,10.8,HP1
NO2,2022-01-01 19:00:00,9.9,HP1
NO2,2022-01-01 20:00:00,9.2,HP1
NO2,2022-01-01 21:00:00,7,HP1
NO2,2022-01-01 22:00:00,6.2,HP1
NO2,2022-01-01 23:00:00,5.3,HP1
NO2,2022-01-02 00:00:00,4.6,HP1
NO2,2022-01-02 01:00:00,2.4,HP1
NO2,2022-01-02 02:00:00,1.6,HP1
NO2,2022-01-02 03:00:00,2.7,HP1
NO2,2022-01-02 04:00:00,3.6,HP1
NO2,2022-01-02 05:00:00,4.1,HP1
NO2,2022-01-02 06:00:00,3.1,HP1
NO2,2022-01-02 07:00:00,3,HP1
NO2,2022-01-02 08:00:00,4,HP1
NO2,2022-01-02 09:00:00,4,HP1
NO2,2022-01-02 10:00:00,4.2,HP1
NO2,2022-01-02 11:00:00,4.9,HP1
NO2,2022-01-02 12:00:00,5.5,HP1
NO2,2022-01-02 13:00:00,7.1,HP1
NO2,2022-01-02 14:00:00,6.1,HP1
NO2,2022-01-02 15:00:00,6.2,HP1
NO2,2022-01-02 16:00:00,6.5,HP1
NO2,2022-01-02 17:00:00,8.8,HP1
NO2,2022-01-02 18:00:00,8,HP1
NO2,2022-01-02 19:00:00,6.7,HP1
NO2,2022-01-02 20:00:00,5.7,HP1
NO2,2022-01-02 21:00:00,5.4,HP1
NO2,2022-01-02 22:00:00,5.2,HP1
NO2,2022-01-02 23:00:00,4.1,HP1
NO2,2022-01-03 00:00:00,3.8,HP1
NO2,2022-01-03 01:00:00,3.5,HP1
NO2,2022-01-03 02:00:00,2.2,HP1
NO2,2022-01-03 03:00:00,1.7,HP1
NO2,2022-01-03 04:00:00,2.1,HP1
NO2,2022-01-03 05:00:00,2.4,HP1
NO2,2022-01-03 06:00:00,3.6,HP1
NO2,2022-01-03 07:00:00,5.9,HP1
NO2,2022-01-03 08:00:00,9.6,HP1
NO2,2022-01-03 09:00:00,9.2,HP1
NO2,2022-01-03 10:00:00,10.9,HP1
NO2,2022-01-03 11:00:00,10.5,HP1
NO2,2022-01-03 12:00:00,9.4,HP1
NO2,2022-01-03 13:00:00,9.1,HP1
NO2,2022-01-03 14:00:00,10.4,HP1
NO2,2022-01-03 15:00:00,13.4,HP1
NO2,2022-01-03 16:00:00,17.1,HP1
NO2,2022-01-03 17:00:00,22.7,HP1
NO2,2022-01-03 18:00:00,22.9,HP1
NO2,2022-01-03 19:00:00,18.9,HP1
NO2,2022-01-03 20:00:00,18.5,HP1
NO2,2022-01-03 21:00:00,17.9,HP1
NO2,2022-01-03 22:00:00,11.5,HP1
NO2,2022-01-03 23:00:00,8.2,HP1
NO2,2022-01-04 00:00:00,6.7,HP1
NO2,2022-01-04 01:00:00,6.2,HP1
NO2,2022-01-04 02:00:00,5.8,HP1
NO2,2022-01-04 03:00:00,5,HP1
NO2,2022-01-04 04:00:00,4.5,HP1
NO2,2022-01-04 05:00:00,7.9,HP1
NO2,2022-01-04 06:00:00,16.1,HP1
NO2,2022-01-04 07:00:00,24.4,HP1
NO2,2022-01-04 08:00:00,34.3,HP1
NO2,2022-01-04 09:00:00,30.3,HP1
NO2,2022-01-04 10:00:00,14.1,HP1
NO2,2022-01-04 11:00:00,12.1,HP1
NO2,2022-01-04 12:00:00,14.4,HP1
NO2,2022-01-04 13:00:00,13.6,HP1
NO2,2022-01-04 14:00:00,18,HP1
NO2,2022-01-04 15:00:00,22.1,HP1
NO2,2022-01-04 16:00:00,28,HP1
NO2,2022-01-04 17:00:00,27.1,HP1
NO2,2022-01-04 18:00:00,28.7,HP1
NO2,2022-01-04 19:00:00,41.3,HP1
NO2,2022-01-04 20:00:00,37.7,HP1
NO2,2022-01-04 21:00:00,22.3,HP1
NO2,2022-01-04 22:00:00,16.5,HP1
NO2,2022-01-04 23:00:00,13.6,HP1
NO2,2022-01-05 00:00:00,12.3,HP1
NO2,2022-01-05 01:00:00,9,HP1
NO2,2022-01-05 02:00:00,6.4,HP1
NO2,2022-01-05 03:00:00,4.2,HP1
NO2,2022-01-05 04:00:00,6,HP1
NO2,2022-01-05 05:00:00,9.7,HP1
NO2,2022-01-05 06:00:00,15.2,HP1
NO2,2022-01-05 07:00:00,25,HP1
NO2,2022-01-05 08:00:00,34.3,HP1
NO2,2022-01-05 09:00:00,35.3,HP1
NO2,2022-01-05 10:00:00,25.4,HP1
NO2,2022-01-05 11:00:00,23.2,HP1
NO2,2022-01-05 12:00:00,13.5,HP1
NO2,2022-01-05 13:00:00,12.2,HP1
NO2,2022-01-05 14:00:00,15.1,HP1
NO2,2022-01-05 15:00:00,18.1,HP1
NO2,2022-01-05 16:00:00,24.2,HP1
NO2,2022-01-05 17:00:00,37.6,HP1
NO2,2022-01-05 18:00:00,62.8,HP1
NO2,2022-01-05 19:00:00,61.9,HP1
NO2,2022-01-05 20:00:00,63.6,HP1
NO2,2022-01-05 21:00:00,63.1,HP1
NO2,2022-01-05 22:00:00,63,HP1
NO2,2022-01-05 23:00:00,59.9,HP1
NO2,2022-01-06 00:00:00,56,HP1
NO2,2022-01-06 01:00:00,52.6,HP1
NO2,2022-01-06 02:00:00,43,HP1
NO2,2022-01-06 03:00:00,39.9,HP1
NO2,2022-01-06 04:00:00,39.1,HP1
NO2,2022-01-06 05:00:00,38.1,HP1
NO2,2022-01-06 06:00:00,42.6,HP1
NO2,2022-01-06 07:00:00,47.1,HP1
NO2,2022-01-06 08:00:00,53.8,HP1
NO2,2022-01-06 09:00:00,51.8,HP1
NO2,2022-01-06 10:00:00,26,HP1
NO2,2022-01-06 11:00:00,19.6,HP1
NO2,2022-01-06 12:00:00,20,HP1
NO2,2022-01-06 13:00:00,19.6,HP1
NO2,2022-01-06 14:00:00,22.8,HP1
NO2,2022-01-06 15:00:00,19.3,HP1
NO2,2022-01-06 16:00:00,14.2,HP1
NO2,2022-01-06 17:00:00,12.7,HP1
NO2,2022-01-06 18:00:00,9.6,HP1
NO2,2022-01-06 19:00:00,8.1,HP1
NO2,2022-01-06 20:00:00,9.2,HP1
NO2,2022-01-06 21:00:00,12.8,HP1
NO2,2022-01-06 22:00:00,11.3,HP1
NO2,2022-01-06 23:00:00,6.6,HP1
NO2,2022-01-07 00:00:00,5.1,HP1
NO2,2022-01-07 01:00:00,3.5,HP1
NO2,2022-01-07 02:00:00,2.7,HP1
NO2,2022-01-07 03:00:00,2.1,HP1
NO2,2022-01-07 04:00:00,2.5,HP1
NO2,2022-01-07 05:00:00,3.5,HP1
NO2,2022-01-07 06:00:00,8.8,HP1
NO2,2022-01-07 07:00:00,15.1,HP1
NO2,2022-01-07 08:00:00,20.9,HP1
NO2,2022-01-07 09:00:00,15.7,HP1
NO2,2022-01-07 10:00:00,13.7,HP1
NO2,2022-01-07 11:00:00,11.7,HP1
NO2,2022-01-07 12:00:00,11.7,HP1
NO2,2022-01-07 13:00:00,16.8,HP1
NO2,2022-01-07 14:00:00,18.9,HP1
NO2,2022-01-07 15:00:00,18.7,HP1
NO2,2022-01-07 16:00:00,16.4,HP1
NO2,2022-01-07 17:00:00,15,HP1
NO2,2022-01-07 18:00:00,21.8,HP1
NO2,2022-01-07 19:00:00,31.4,HP1
NO2,2022-01-07 20:00:00,35.9,HP1
NO2,2022-01-07 21:00:00,39.1,HP1
NO2,2022-01-07 22:00:00,35.4,HP1
NO2,2022-01-07 23:00:00,24.6,HP1
NO2,2022-01-08 00:00:00,16,HP1
NO2,2022-01-08 01:00:00,12.5,HP1
NO2,2022-01-08 02:00:00,11.3,HP1
NO2,2022-01-08 03:00:00,11.4,HP1
NO2,2022-01-08 04:00:00,9.4,HP1
NO2,2022-01-08 05:00:00,8.8,HP1
NO2,2022-01-08 06:00:00,11,HP1
NO2,2022-01-08 07:00:00,11.1,HP1
NO2,2022-01-08 08:00:00,12.8,HP1
NO2,2022-01-08 09:00:00,13.9,HP1
NO2,2022-01-08 10:00:00,12.2,HP1
NO2,2022-01-08 11:00:00,13.1,HP1
NO2,2022-01-08 12:00:00,12.3,HP1
NO2,2022-01-08 13:00:00,13.4,HP1
NO2,2022-01-08 14:00:00,14.1,HP1
NO2,2022-01-08 15:00:00,16.1,HP1
NO2,2022-01-08 16:00:00,18,HP1
NO2,2022-01-08 17:00:00,25.6,HP1
NO2,2022-01-08 18:00:00,23,HP1
NO2,2022-01-08 19:00:00,16.9,HP1
NO2,2022-01-08 20:00:00,9.5,HP1
NO2,2022-01-08 21:00:00,7.3,HP1
NO2,2022-01-08 22:00:00,9.6,HP1
NO2,2022-01-08 23:00:00,5.5,HP1
NO2,2022-01-09 00:00:00,6.7,HP1
NO2,2022-01-09 01:00:00,10.1,HP1
NO2,2022-01-09 02:00:00,6.4,HP1
NO2,2022-01-09 03:00:00,6.1,HP1
NO2,2022-01-09 04:00:00,5.7,HP1
NO2,2022-01-09 05:00:00,4.6,HP1
NO2,2022-01-09 06:00:00,7.9,HP1
NO2,2022-01-09 07:00:00,10.9,HP1
NO2,2022-01-09 08:00:00,14.6,HP1
NO2,2022-01-09 09:00:00,13.1,HP1
NO2,2022-01-09 10:00:00,13.8,HP1
NO2,2022-01-09 11:00:00,13.7,HP1
NO2,2022-01-09 12:00:00,15.4,HP1
NO2,2022-01-09 13:00:00,14.9,HP1
NO2,2022-01-09 14:00:00,16.5,HP1
NO2,2022-01-09 15:00:00,21.9,HP1
NO2,2022-01-09 16:00:00,33.5,HP1
NO2,2022-01-09 17:00:00,47.4,HP1
NO2,2022-01-09 18:00:00,65.1,HP1
NO2,2022-01-09 19:00:00,62,HP1
NO2,2022-01-09 20:00:00,55.1,HP1
NO2,2022-01-09 21:00:00,61.7,HP1
NO2,2022-01-09 22:00:00,40.7,HP1
NO2,2022-01-09 23:00:00,55.7,HP1
NO2,2022-01-10 00:00:00,54.3,HP1
NO2,2022-01-10 01:00:00,49.3,HP1
NO2,2022-01-10 02:00:00,42.2,HP1
NO2,2022-01-10 03:00:00,35.7,HP1
NO2,2022-01-10 04:00:00,28.7,HP1
NO2,2022-01-10 05:00:00,28.6,HP1
NO2,2022-01-10 06:00:00,30.3,HP1
NO2,2022-01-10 07:00:00,38.4,HP1
NO2,2022-01-10 08:00:00,47,HP1
NO2,2022-01-10 09:00:00,51.5,HP1
NO2,2022-01-10 10:00:00,57.1,HP1
NO2,2022-01-10 11:00:00,59.7,HP1
NO2,2022-01-10 12:00:00,38.1,HP1
NO2,2022-01-10 13:00:00,27.5,HP1
NO2,2022-01-10 14:00:00,27.7,HP1
NO2,2022-01-10 15:00:00,26.4,HP1
NO2,2022-01-10 16:00:00,25.4,HP1
NO2,2022-01-10 17:00:00,24,HP1
NO2,2022-01-10 18:00:00,27.1,HP1
NO2,2022-01-10 19:00:00,24.5,HP1
NO2,2022-01-10 20:00:00,24.6,HP1
NO2,2022-01-10 21:00:00,16.7,HP1
NO2,2022-01-10 22:00:00,11.3,HP1
NO2,2022-01-10 23:00:00,10.1,HP1
NO2,2022-01-11 00:00:00,8.3,HP1
NO2,2022-01-11 01:00:00,8.1,HP1
NO2,2022-01-11 02:00:00,6.5,HP1
NO2,2022-01-11 03:00:00,5.1,HP1
NO2,2022-01-11 04:00:00,4,HP1
NO2,2022-01-11 05:00:00,8.1,HP1
NO2,2022-01-11 06:00:00,16.8,HP1
NO2,2022-01-11 07:00:00,20.4,HP1
NO2,2022-01-11 08:00:00,26.8,HP1
NO2,2022-01-11 09:00:00,31.8,HP1
NO2,2022-01-11 10:00:00,23.7,HP1
NO2,2022-01-11 11:00:00,27.6,HP1
NO2,2022-01-11 12:00:00,26.5,HP1
NO2,2022-01-11 13:00:00,27.9,HP1
NO2,2022-01-11 14:00:00,34.3,HP1
NO2,2022-01-11 15:00:00,44.8,HP1
NO2,2022-01-11 16:00:00,50.4,HP1
NO2,2022-01-11 17:00:00,56.2,HP1
NO2,2022-01-11 18:00:00,44.8,HP1
NO2,2022-01-11 19:00:00,31.3,HP1
NO2,2022-01-11 20:00:00,29.9,HP1
NO2,2022-01-11 21:00:00,27.6,HP1
NO2,2022-01-11 22:00:00,21.9,HP1
NO2,2022-01-11 23:00:00,16.9,HP1
NO2,2022-01-12 00:00:00,19.8,HP1
NO2,2022-01-12 01:00:00,21,HP1
NO2,2022-01-12 02:00:00,21.3,HP1
NO2,2022-01-12 03:00:00,24.7,HP1
NO2,2022-01-12 04:00:00,27.7,HP1
NO2,2022-01-12 05:00:00,35.4,HP1
NO2,2022-01-12 06:00:00,42.3,HP1
NO2,2022-01-12 07:00:00,47.2,HP1
NO2,2022-01-12 08:00:00,49.7,HP1
NO2,2022-01-12 09:00:00,54,HP1
NO2,2022-01-12 10:00:00,55.3,HP1
NO2,2022-01-12 11:00:00,63.3,HP1
NO2,2022-01-12 12:00:00,69.7,HP1
NO2,2022-01-12 13:00:00,65.8,HP1
NO2,2022-01-12 14:00:00,70.2,HP1
NO2,2022-01-12 15:00:00,75.2,HP1
NO2,2022-01-12 16:00:00,76.5,HP1
NO2,2022-01-12 17:00:00,76.8,HP1
NO2,2022-01-12 18:00:00,73.4,HP1
NO2,2022-01-12 19:00:00,70.3,HP1
NO2,2022-01-12 20:00:00,65.1,HP1
NO2,2022-01-12 21:00:00,64.5,HP1
NO2,2022-01-12 22:00:00,61,HP1
NO2,2022-01-12 23:00:00,53.1,HP1
NO2,2022-01-13 00:00:00,44.9,HP1
NO2,2022-01-13 01:00:00,41.2,HP1
NO2,2022-01-13 02:00:00,38.2,HP1
NO2,2022-01-13 03:00:00,36.2,HP1
NO2,2022-01-13 04:00:00,32.4,HP1
NO2,2022-01-13 05:00:00,31.5,HP1
NO2,2022-01-13 06:00:00,33.3,HP1
NO2,2022-01-13 07:00:00,40.1,HP1
NO2,2022-01-13 08:00:00,47.4,HP1
NO2,2022-01-13 09:00:00,52.8,HP1
NO2,2022-01-13 10:00:00,60.5,HP1
NO2,2022-01-13 11:00:00,73.8,HP1
NO2,2022-01-13 12:00:00,62.1,HP1
NO2,2022-01-13 13:00:00,55.6,HP1
NO2,2022-01-13 14:00:00,45.5,HP1
NO2,2022-01-13 15:00:00,62.3,HP1
NO2,2022-01-13 16:00:00,88.6,HP1
NO2,2022-01-13 17:00:00,84.6,HP1
NO2,2022-01-13 18:00:00,70.7,HP1
NO2,2022-01-13 19:00:00,77.5,HP1
NO2,2022-01-13 20:00:00,76.2,HP1
NO2,2022-01-13 21:00:00,75.8,HP1
NO2,2022-01-13 22:00:00,70.1,HP1
NO2,2022-01-13 23:00:00,64.2,HP1
NO2,2022-01-14 00:00:00,58.7,HP1
NO2,2022-01-14 01:00:00,51.2,HP1
NO2,2022-01-14 02:00:00,45.2,HP1
NO2,2022-01-14 03:00:00,40.3,HP1
NO2,2022-01-14 04:00:00,44.7,HP1
NO2,2022-01-14 05:00:00,48.1,HP1
NO2,2022-01-14 06:00:00,50.4,HP1
NO2,2022-01-14 07:00:00,52.8,HP1
NO2,2022-01-14 08:00:00,54.2,HP1
NO2,2022-01-14 09:00:00,60.3,HP1
NO2,2022-01-14 10:00:00,67.5,HP1
NO2,2022-01-14 11:00:00,67.4,HP1
NO2,2022-01-14 12:00:00,72,HP1
NO2,2022-01-14 13:00:00,60.4,HP1
NO2,2022-01-14 14:00:00,68.7,HP1
NO2,2022-01-14 15:00:00,87.7,HP1
NO2,2022-01-14 16:00:00,91.6,HP1
NO2,2022-01-14 17:00:00,83.7,HP1
NO2,2022-01-14 18:00:00,77.5,HP1
NO2,2022-01-14 19:00:00,71.1,HP1
NO2,2022-01-14 20:00:00,69.7,HP1
NO2,2022-01-14 21:00:00,,HP1
NO2,2022-01-14 22:00:00,73.8,HP1
NO2,2022-01-14 23:00:00,67.6,HP1
NO2,2022-01-15 00:00:00,65.6,HP1
NO2,2022-01-15 01:00:00,59.2,HP1
NO2,2022-01-15 02:00:00,60.4,HP1
NO2,2022-01-15 03:00:00,55.7,HP1
NO2,2022-01-15 04:00:00,46.9,HP1
NO2,2022-01-15 05:00:00,43.3,HP1
NO2,2022-01-15 06:00:00,42.2,HP1
NO2,2022-01-15 07:00:00,46,HP1
NO2,2022-01-15 08:00:00,45.3,HP1
NO2,2022-01-15 09:00:00,40.5,HP1
NO2,2022-01-15 10:00:00,36,HP1
NO2,2022-01-15 11:00:00,33.5,HP1
NO2,2022-01-15 12:00:00,38.5,HP1
NO2,2022-01-15 13:00:00,26.2,HP1
NO2,2022-01-15 14:00:00,23.3,HP1
NO2,2022-01-15 15:00:00,30.6,HP1
NO2,2022-01-15 16:00:00,34.5,HP1
NO2,2022-01-15 17:00:00,43.2,HP1
NO2,2022-01-15 18:00:00,56.4,HP1
NO2,2022-01-15 19:00:00,56.1,HP1
NO2,2022-01-15 20:00:00,61.8,HP1
NO2,2022-01-15 21:00:00,56.8,HP1
NO2,2022-01-15 22:00:00,53,HP1
NO2,2022-01-15 23:00:00,50.8,HP1
NO2,2022-01-16 00:00:00,38.5,HP1
NO2,2022-01-16 01:00:00,18.7,HP1
NO2,2022-01-16 02:00:00,16.3,HP1
NO2,2022-01-16 03:00:00,14,HP1
NO2,2022-01-16 04:00:00,15.7,HP1
NO2,2022-01-16 05:00:00,20.7,HP1
NO2,2022-01-16 06:00:00,13.4,HP1
NO2,2022-01-16 07:00:00,18,HP1
NO2,2022-01-16 08:00:00,13.7,HP1
NO2,2022-01-16 09:00:00,15.2,HP1
NO2,2022-01-16 10:00:00,17.5,HP1
NO2,2022-01-16 11:00:00,19.7,HP1
NO2,2022-01-16 12:00:00,21.6,HP1
NO2,2022-01-16 13:00:00,27.1,HP1
NO2,2022-01-16 14:00:00,25.9,HP1
NO2,2022-01-16 15:00:00,38.1,HP1
NO2,2022-01-16 16:00:00,35.9,HP1
NO2,2022-01-16 17:00:00,59.8,HP1
NO2,2022-01-16 18:00:00,61.3,HP1
NO2,2022-01-16 19:00:00,58.5,HP1
NO2,2022-01-16 20:00:00,33.4,HP1
NO2,2022-01-16 21:00:00,36.6,HP1
NO2,2022-01-16 22:00:00,18.4,HP1
NO2,2022-01-16 23:00:00,19.7,HP1
NO2,2022-01-17 00:00:00,26.9,HP1
NO2,2022-01-17 01:00:00,25.7,HP1
NO2,2022-01-17 02:00:00,17.5,HP1
NO2,2022-01-17 03:00:00,17,HP1
NO2,2022-01-17 04:00:00,15.6,HP1
NO2,2022-01-17 05:00:00,18.9,HP1
NO2,2022-01-17 06:00:00,30.8,HP1
NO2,2022-01-17 07:00:00,50.7,HP1
NO2,2022-01-17 08:00:00,59.9,HP1
NO2,2022-01-17 09:00:00,54.8,HP1
NO2,2022-01-17 10:00:00,50.2,HP1
NO2,2022-01-17 11:00:00,49.5,HP1
NO2,2022-01-17 12:00:00,56.5,HP1
NO2,2022-01-17 13:00:00,61.7,HP1
NO2,2022-01-17 14:00:00,70.3,HP1
NO2,2022-01-17 15:00:00,72.6,HP1
NO2,2022-01-17 16:00:00,78.9,HP1
NO2,2022-01-17 17:00:00,76.9,HP1
NO2,2022-01-17 18:00:00,75.5,HP1
NO2,2022-01-17 19:00:00,80.8,HP1
NO2,2022-01-17 20:00:00,79,HP1
NO2,2022-01-17 21:00:00,73.7,HP1
NO2,2022-01-17 22:00:00,64.4,HP1
NO2,2022-01-17 23:00:00,58.5,HP1
NO2,2022-01-18 00:00:00,54.3,HP1
NO2,2022-01-18 01:00:00,47.4,HP1
NO2,2022-01-18 02:00:00,43.1,HP1
NO2,2022-01-18 03:00:00,40.9,HP1
NO2,2022-01-18 04:00:00,37.1,HP1
NO2,2022-01-18 05:00:00,34.1,HP1
NO2,2022-01-18 06:00:00,36.6,HP1
NO2,2022-01-18 07:00:00,40.5,HP1
NO2,2022-01-18 08:00:00,45.8,HP1
NO2,2022-01-18 09:00:00,55.5,HP1
NO2,2022-01-18 10:00:00,60.9,HP1
NO2,2022-01-18 11:00:00,34.1,HP1
NO2,2022-01-18 12:00:00,19.8,HP1
NO2,2022-01-18 13:00:00,21.7,HP1
NO2,2022-01-18 14:00:00,18.4,HP1
NO2,2022-01-18 15:00:00,20.1,HP1
NO2,2022-01-18 16:00:00,54,HP1
NO2,2022-01-18 17:00:00,70.7,HP1
NO2,2022-01-18 18:00:00,70.1,HP1
NO2,2022-01-18 19:00:00,74.6,HP1
NO2,2022-01-18 20:00:00,71.4,HP1
NO2,2022-01-18 21:00:00,56.5,HP1
NO2,2022-01-18 22:00:00,53.3,HP1
NO2,2022-01-18 23:00:00,50,HP1
NO2,2022-01-19 00:00:00,46.9,HP1
NO2,2022-01-19 01:00:00,45.3,HP1
NO2,2022-01-19 02:00:00,45,HP1
NO2,2022-01-19 03:00:00,29,HP1
NO2,2022-01-19 04:00:00,20.4,HP1
NO2,2022-01-19 05:00:00,20.6,HP1
NO2,2022-01-19 06:00:00,20.6,HP1
NO2,2022-01-19 07:00:00,28,HP1
NO2,2022-01-19 08:00:00,34.6,HP1
NO2,2022-01-19 09:00:00,33.9,HP1
NO2,2022-01-19 10:00:00,30.9,HP1
NO2,2022-01-19 11:00:00,24.4,HP1
NO2,2022-01-19 12:00:00,18.9,HP1
NO2,2022-01-19 13:00:00,20.3,HP1
NO2,2022-01-19 14:00:00,30.7,HP1
NO2,2022-01-19 15:00:00,23.4,HP1
NO2,2022-01-19 16:00:00,20.6,HP1
NO2,2022-01-19 17:00:00,24,HP1
NO2,2022-01-19 18:00:00,38.9,HP1
NO2,2022-01-19 19:00:00,40.2,HP1
NO2,2022-01-19 20:00:00,29.2,HP1
NO2,2022-01-19 21:00:00,27.4,HP1
NO2,2022-01-19 22:00:00,34.5,HP1
NO2,2022-01-19 23:00:00,34,HP1
NO2,2022-01-20 00:00:00,36.9,HP1
NO2,2022-01-20 01:00:00,31.1,HP1
NO2,2022-01-20 02:00:00,27.8,HP1
NO2,2022-01-20 03:00:00,22.5,HP1
NO2,2022-01-20 04:00:00,21.5,HP1
NO2,2022-01-20 05:00:00,19,HP1
NO2,2022-01-20 06:00:00,34,HP1
NO2,2022-01-20 07:00:00,32.3,HP1
NO2,2022-01-20 08:00:00,37.1,HP1
NO2,2022-01-20 09:00:00,40.6,HP1
NO2,2022-01-20 10:00:00,28.7,HP1
NO2,2022-01-20 11:00:00,20.5,HP1
NO2,2022-01-20 12:00:00,16.3,HP1
NO2,2022-01-20 13:00:00,14.6,HP1
NO2,2022-01-20 14:00:00,14.2,HP1
NO2,2022-01-20 15:00:00,20.4,HP1
NO2,2022-01-20 16:00:00,25.5,HP1
NO2,2022-01-20 17:00:00,22.3,HP1
NO2,2022-01-20 18:00:00,23.6,HP1
NO2,2022-01-20 19:00:00,29.2,HP1
NO2,2022-01-20 20:00:00,26.1,HP1
NO2,2022-01-20 21:00:00,34.8,HP1
NO2,2022-01-20 22:00:00,30.7,HP1
NO2,2022-01-20 23:00:00,24.7,HP1
NO2,2022-01-21 00:00:00,22,HP1
NO2,2022-01-21 01:00:00,21.6,HP1
NO2,2022-01-21 02:00:00,29.3,HP1
NO2,2022-01-21 03:00:00,38.6,HP1
NO2,2022-01-21 04:00:00,35.2,HP1
NO2,2022-01-21 05:00:00,38.9,HP1
NO2,2022-01-21 06:00:00,41.7,HP1
NO2,2022-01-21 07:00:00,54.2,HP1
NO2,2022-01-21 08:00:00,58.9,HP1
NO2,2022-01-21 09:00:00,59.3,HP1
NO2,2022-01-21 10:00:00,62,HP1
NO2,2022-01-21 11:00:00,65.3,HP1
NO2,2022-01-21 12:00:00,64.6,HP1
NO2,2022-01-21 13:00:00,57,HP1
NO2,2022-01-21 14:00:00,51.9,HP1
NO2,2022-01-21 15:00:00,54.2,HP1
NO2,2022-01-21 16:00:00,65.4,HP1
NO2,2022-01-21 17:00:00,67.7,HP1
NO2,2022-01-21 18:00:00,63.8,HP1
NO2,2022-01-21 19:00:00,64.5,HP1
NO2,2022-01-21 20:00:00,63.7,HP1
NO2,2022-01-21 21:00:00,56.9,HP1
NO2,2022-01-21 22:00:00,35.7,HP1
NO2,2022-01-21 23:00:00,26.4,HP1
NO2,2022-01-22 00:00:00,33.8,HP1
NO2,2022-01-22 01:00:00,33.8,HP1
NO2,2022-01-22 02:00:00,26.3,HP1
NO2,2022-01-22 03:00:00,19.8,HP1
NO2,2022-01-22 04:00:00,19.5,HP1
NO2,2022-01-22 05:00:00,22.3,HP1
NO2,2022-01-22 06:00:00,18.5,HP1
NO2,2022-01-22 07:00:00,15.5,HP1
NO2,2022-01-22 08:00:00,17.2,HP1
NO2,2022-01-22 09:00:00,20.7,HP1
NO2,2022-01-22 10:00:00,18.3,HP1
NO2,2022-01-22 11:00:00,18,HP1
NO2,2022-01-22 12:00:00,17.4,HP1
NO2,2022-01-22 13:00:00,18.3,HP1
NO2,2022-01-22 14:00:00,18.6,HP1
NO2,2022-01-22 15:00:00,21,HP1
NO2,2022-01-22 16:00:00,23,HP1
NO2,2022-01-22 17:00:00,23.4,HP1
NO2,2022-01-22 18:00:00,22.9,HP1
NO2,2022-01-22 19:00:00,25.2,HP1
NO2,2022-01-22 20:00:00,23.7,HP1
NO2,2022-01-22 21:00:00,22.2,HP1
NO2,2022-01-22 22:00:00,19.6,HP1
NO2,2022-01-22 23:00:00,20.6,HP1
NO2,2022-01-23 00:00:00,11.9,HP1
NO2,2022-01-23 01:00:00,8.3,HP1
NO2,2022-01-23 02:00:00,9.1,HP1
NO2,2022-01-23 03:00:00,10.3,HP1
NO2,2022-01-23 04:00:00,11.8,HP1
NO2,2022-01-23 05:00:00,11.1,HP1
NO2,2022-01-23 06:00:00,16.8,HP1
NO2,2022-01-23 07:00:00,26.2,HP1
NO2,2022-01-23 08:00:00,33.8,HP1
NO2,2022-01-23 09:00:00,29.2,HP1
NO2,2022-01-23 10:00:00,14.8,HP1
NO2,2022-01-23 11:00:00,13.7,HP1
NO2,2022-01-23 12:00:00,9.9,HP1
NO2,2022-01-23 13:00:00,9.3,HP1
NO2,2022-01-23 14:00:00,8.6,HP1
NO2,2022-01-23 15:00:00,9.2,HP1
NO2,2022-01-23 16:00:00,8.9,HP1
NO2,2022-01-23 17:00:00,10.1,HP1
NO2,2022-01-23 18:00:00,17.2,HP1
NO2,2022-01-23 19:00:00,16.8,HP1
NO2,2022-01-23 20:00:00,15.6,HP1
NO2,2022-01-23 21:00:00,20.3,HP1
NO2,2022-01-23 22:00:00,19.1,HP1
NO2,2022-01-23 23:00:00,12.8,HP1
NO2,2022-01-24 00:00:00,6.3,HP1
NO2,2022-01-24 01:00:00,4.3,HP1
NO2,2022-01-24 02:00:00,3.5,HP1
NO2,2022-01-24 03:00:00,3.5,HP1
NO2,2022-01-24 04:00:00,3.4,HP1
NO2,2022-01-24 05:00:00,4.4,HP1
NO2,2022-01-24 06:00:00,5.6,HP1
NO2,2022-01-24 07:00:00,8.1,HP1
NO2,2022-01-24 08:00:00,10.8,HP1
NO2,2022-01-24 09:00:00,9.7,HP1
NO2,2022-01-24 10:00:00,10.2,HP1
NO2,2022-01-24 11:00:00,12.4,HP1
NO2,2022-01-24 12:00:00,16.3,HP1
NO2,2022-01-24 13:00:00,17,HP1
NO2,2022-01-24 14:00:00,19.9,HP1
NO2,2022-01-24 15:00:00,22.1,HP1
NO2,2022-01-24 16:00:00,32.5,HP1
NO2,2022-01-24 17:00:00,38.5,HP1
NO2,2022-01-24 18:00:00,41.2,HP1
NO2,2022-01-24 19:00:00,35.7,HP1
NO2,2022-01-24 20:00:00,34.1,HP1
NO2,2022-01-24 21:00:00,28.7,HP1
NO2,2022-01-24 22:00:00,23.4,HP1
NO2,2022-01-24 23:00:00,17.5,HP1
NO2,2022-01-25 00:00:00,14.4,HP1
NO2,2022-01-25 01:00:00,12,HP1
NO2,2022-01-25 02:00:00,11.3,HP1
NO2,2022-01-25 03:00:00,9.1,HP1
NO2,2022-01-25 04:00:00,7.3,HP1
NO2,2022-01-25 05:00:00,9.5,HP1
NO2,2022-01-25 06:00:00,13.9,HP1
NO2,2022-01-25 07:00:00,17.7,HP1
NO2,2022-01-25 08:00:00,18.3,HP1
NO2,2022-01-25 09:00:00,27.4,HP1
NO2,2022-01-25 10:00:00,29,HP1
NO2,2022-01-25 11:00:00,25,HP1
NO2,2022-01-25 12:00:00,31.4,HP1
NO2,2022-01-25 13:00:00,42.7,HP1
NO2,2022-01-25 14:00:00,37.1,HP1
NO2,2022-01-25 15:00:00,39.5,HP1
NO2,2022-01-25 16:00:00,36,HP1
NO2,2022-01-25 17:00:00,38.9,HP1
NO2,2022-01-25 18:00:00,42.5,HP1
NO2,2022-01-25 19:00:00,22.6,HP1
NO2,2022-01-25 20:00:00,21.9,HP1
NO2,2022-01-25 21:00:00,18.1,HP1
NO2,2022-01-25 22:00:00,17.1,HP1
NO2,2022-01-25 23:00:00,18.4,HP1
NO2,2022-01-26 00:00:00,12.5,HP1
NO2,2022-01-26 01:00:00,16.2,HP1
NO2,2022-01-26 02:00:00,19,HP1
NO2,2022-01-26 03:00:00,17.9,HP1
NO2,2022-01-26 04:00:00,16.9,HP1
NO2,2022-01-26 05:00:00,24.2,HP1
NO2,2022-01-26 06:00:00,37,HP1
NO2,2022-01-26 07:00:00,45.9,HP1
NO2,2022-01-26 08:00:00,46.9,HP1
NO2,2022-01-26 09:00:00,44.3,HP1
NO2,2022-01-26 10:00:00,42.1,HP1
NO2,2022-01-26 11:00:00,38,HP1
NO2,2022-01-26 12:00:00,31.9,HP1
NO2,2022-01-26 13:00:00,,HP1
NO2,2022-01-26 14:00:00,14.3,HP1
NO2,2022-01-26 15:00:00,20.8,HP1
NO2,2022-01-26 16:00:00,22.5,HP1
NO2,2022-01-26 17:00:00,27.1,HP1
NO2,2022-01-26 18:00:00,19.8,HP1
NO2,2022-01-26 19:00:00,21.2,HP1
NO2,2022-01-26 20:00:00,23.9,HP1
NO2,2022-01-26 21:00:00,16.3,HP1
NO2,2022-01-26 22:00:00,13.1,HP1
NO2,2022-01-26 23:00:00,10.1,HP1
NO2,2022-01-27 00:00:00,7.4,HP1
NO2,2022-01-27 01:00:00,6.2,HP1
NO2,2022-01-27 02:00:00,4.7,HP1
NO2,2022-01-27 03:00:00,4.1,HP1
NO2,2022-01-27 04:00:00,3.9,HP1
NO2,2022-01-27 05:00:00,5.8,HP1
NO2,2022-01-27 06:00:00,10.7,HP1
NO2,2022-01-27 07:00:00,17.9,HP1
NO2,2022-01-27 08:00:00,20.4,HP1
NO2,2022-01-27 09:00:00,29.4,HP1
NO2,2022-01-27 10:00:00,26.4,HP1
NO2,2022-01-27 11:00:00,24.5,HP1
NO2,2022-01-27 12:00:00,23.7,HP1
NO2,2022-01-27 13:00:00,25,HP1
NO2,2022-01-27 14:00:00,26.1,HP1
NO2,2022-01-27 15:00:00,19.5,HP1
NO2,2022-01-27 16:00:00,23.9,HP1
NO2,2022-01-27 17:00:00,32.9,HP1
NO2,2022-01-27 18:00:00,33.1,HP1
NO2,2022-01-27 19:00:00,38,HP1
NO2,2022-01-27 20:00:00,41.9,HP1
NO2,2022-01-27 21:00:00,48.2,HP1
NO2,2022-01-27 22:00:00,49,HP1
NO2,2022-01-27 23:00:00,52.4,HP1
NO2,2022-01-28 00:00:00,46.9,HP1
NO2,2022-01-28 01:00:00,43,HP1
NO2,2022-01-28 02:00:00,35.4,HP1
NO2,2022-01-28 03:00:00,30,HP1
NO2,2022-01-28 04:00:00,32.6,HP1
NO2,2022-01-28 05:00:00,38.5,HP1
NO2,2022-01-28 06:00:00,54.3,HP1
NO2,2022-01-28 07:00:00,59.4,HP1
NO2,2022-01-28 08:00:00,61.3,HP1
NO2,2022-01-28 09:00:00,49.5,HP1
NO2,2022-01-28 10:00:00,52.7,HP1
NO2,2022-01-28 11:00:00,38.4,HP1
NO2,2022-01-28 12:00:00,20,HP1
NO2,2022-01-28 13:00:00,16.8,HP1
NO2,2022-01-28 14:00:00,17.4,HP1
NO2,2022-01-28 15:00:00,22.3,HP1
NO2,2022-01-28 16:00:00,27.8,HP1
NO2,2022-01-28 17:00:00,33.1,HP1
NO2,2022-01-28 18:00:00,28.7,HP1
NO2,2022-01-28 19:00:00,17.6,HP1
NO2,2022-01-28 20:00:00,14.4,HP1
NO2,2022-01-28 21:00:00,13.9,HP1
NO2,2022-01-28 22:00:00,11.2,HP1
NO2,2022-01-28 23:00:00,8.7,HP1
NO2,2022-01-29 00:00:00,6,HP1
NO2,2022-01-29 01:00:00,3.8,HP1
NO2,2022-01-29 02:00:00,2.7,HP1
NO2,2022-01-29 03:00:00,1.8,HP1
NO2,2022-01-29 04:00:00,2.8,HP1
NO2,2022-01-29 05:00:00,2.6,HP1
NO2,2022-01-29 06:00:00,4.3,HP1
NO2,2022-01-29 07:00:00,7,HP1
NO2,2022-01-29 08:00:00,8.5,HP1
NO2,2022-01-29 09:00:00,8.1,HP1
NO2,2022-01-29 10:00:00,7.7,HP1
NO2,2022-01-29 11:00:00,7.7,HP1
NO2,2022-01-29 12:00:00,7.2,HP1
NO2,2022-01-29 13:00:00,7.6,HP1
NO2,2022-01-29 14:00:00,8.7,HP1
NO2,2022-01-29 15:00:00,9.2,HP1
NO2,2022-01-29 16:00:00,14.2,HP1
NO2,2022-01-29 17:00:00,13.8,HP1
NO2,2022-01-29 18:00:00,14.8,HP1
NO2,2022-01-29 19:00:00,14.1,HP1
NO2,2022-01-29 20:00:00,15.3,HP1
NO2,2022-01-29 21:00:00,15.8,HP1
NO2,2022-01-29 22:00:00,20.5,HP1
NO2,2022-01-29 23:00:00,15.2,HP1
NO2,2022-01-30 00:00:00,21.1,HP1
NO2,2022-01-30 01:00:00,27.2,HP1
NO2,2022-01-30 02:00:00,23.4,HP1
NO2,2022-01-30 03:00:00,20,HP1
NO2,2022-01-30 04:00:00,22,HP1
NO2,2022-01-30 05:00:00,24.8,HP1
NO2,2022-01-30 06:00:00,34.9,HP1
NO2,2022-01-30 07:00:00,39.7,HP1
NO2,2022-01-30 08:00:00,37.2,HP1
NO2,2022-01-30 09:00:00,27.5,HP1
NO2,2022-01-30 10:00:00,25.8,HP1
NO2,2022-01-30 11:00:00,22.5,HP1
NO2,2022-01-30 12:00:00,19.5,HP1
NO2,2022-01-30 13:00:00,15.9,HP1
NO2,2022-01-30 14:00:00,10,HP1
NO2,2022-01-30 15:00:00,9.2,HP1
NO2,2022-01-30 16:00:00,11.4,HP1
NO2,2022-01-30 17:00:00,18.9,HP1
NO2,2022-01-30 18:00:00,25.2,HP1
NO2,2022-01-30 19:00:00,18.7,HP1
NO2,2022-01-30 20:00:00,12.8,HP1
NO2,2022-01-30 21:00:00,9.2,HP1
NO2,2022-01-30 22:00:00,7,HP1
NO2,2022-01-30 23:00:00,5.5,HP1
O3,2022-01-01 00:00:00,35.4,HP1
O3,2022-01-01 01:00:00,35.8,HP1
O3,2022-01-01 02:00:00,38.2,HP1
O3,2022-01-01 03:00:00,40.8,HP1
O3,2022-01-01 04:00:00,42.9,HP1
O3,2022-01-01 05:00:00,42.8,HP1
O3,2022-01-01 06:00:00,42.8,HP1
O3,2022-01-01 07:00:00,42.5,HP1
O3,2022-01-01 08:00:00,41.1,HP1
O3,2022-01-01 09:00:00,41.7,HP1
O3,2022-01-01 10:00:00,40.5,HP1
O3,2022-01-01 11:00:00,40.6,HP1
O3,2022-01-01 12:00:00,41.1,HP1
O3,2022-01-01 13:00:00,39.7,HP1
O3,2022-01-01 14:00:00,38.1,HP1
O3,2022-01-01 15:00:00,37.6,HP1
O3,2022-01-01 16:00:00,36.7,HP1
O3,2022-01-01 17:00:00,36.2,HP1
O3,2022-01-01 18:00:00,38.1,HP1
O3,2022-01-01 19:00:00,37,HP1
O3,2022-01-01 20:00:00,36.3,HP1
O3,2022-01-01 21:00:00,40,HP1
O3,2022-01-01 22:00:00,41.8,HP1
O3,2022-01-01 23:00:00,41.2,HP1
O3,2022-01-02 00:00:00,42.1,HP1
O3,2022-01-02 01:00:00,49.9,HP1
O3,2022-01-02 02:00:00,53.9,HP1
O3,2022-01-02 03:00:00,45.4,HP1
O3,2022-01-02 04:00:00,44.5,HP1
O3,2022-01-02 05:00:00,50.1,HP1
O3,2022-01-02 06:00:00,64.8,HP1
O3,2022-01-02 07:00:00,67.3,HP1
O3,2022-01-02 08:00:00,65.3,HP1
O3,2022-01-02 09:00:00,63.7,HP1
O3,2022-01-02 10:00:00,64.3,HP1
O3,2022-01-02 11:00:00,64.1,HP1
O3,2022-01-02 12:00:00,64.8,HP1
O3,2022-01-02 13:00:00,62.7,HP1
O3,2022-01-02 14:00:00,63.3,HP1
O3,2022-01-02 15:00:00,65,HP1
O3,2022-01-02 16:00:00,66.6,HP1
O3,2022-01-02 17:00:00,62.1,HP1
O3,2022-01-02 18:00:00,60.9,HP1
O3,2022-01-02 19:00:00,61.3,HP1
O3,2022-01-02 20:00:00,64.7,HP1
O3,2022-01-02 21:00:00,65.5,HP1
O3,2022-01-02 22:00:00,63.8,HP1
O3,2022-01-02 23:00:00,64.4,HP1
O3,2022-01-03 00:00:00,64.7,HP1
O3,2022-01-03 01:00:00,64.3,HP1
O3,2022-01-03 02:00:00,65.6,HP1
O3,2022-01-03 03:00:00,65.4,HP1
O3,2022-01-03 04:00:00,64.5,HP1
O3,2022-01-03 05:00:00,64.7,HP1
O3,2022-01-03 06:00:00,64.9,HP1
O3,2022-01-03 07:00:00,64,HP1
O3,2022-01-03 08:00:00,61.1,HP1
O3,2022-01-03 09:00:00,61.6,HP1
O3,2022-01-03 10:00:00,61.5,HP1
O3,2022-01-03 11:00:00,62.3,HP1
O3,2022-01-03 12:00:00,62.9,HP1
O3,2022-01-03 13:00:00,63,HP1
O3,2022-01-03 14:00:00,61.1,HP1
O3,2022-01-03 15:00:00,57.3,HP1
O3,2022-01-03 16:00:00,53.3,HP1
O3,2022-01-03 17:00:00,47.6,HP1
O3,2022-01-03 18:00:00,46,HP1
O3,2022-01-03 19:00:00,49,HP1
O3,2022-01-03 20:00:00,48.5,HP1
O3,2022-01-03 21:00:00,48.4,HP1
O3,2022-01-03 22:00:00,52.8,HP1
O3,2022-01-03 23:00:00,54.8,HP1
O3,2022-01-04 00:00:00,55.4,HP1
O3,2022-01-04 01:00:00,54.7,HP1
O3,2022-01-04 02:00:00,53,HP1
O3,2022-01-04 03:00:00,52,HP1
O3,2022-01-04 04:00:00,51.6,HP1
O3,2022-01-04 05:00:00,48.4,HP1
O3,2022-01-04 06:00:00,42.8,HP1
O3,2022-01-04 07:00:00,35.9,HP1
O3,2022-01-04 08:00:00,25.4,HP1
O3,2022-01-04 09:00:00,28,HP1
O3,2022-01-04 10:00:00,47.6,HP1
O3,2022-01-04 11:00:00,49.4,HP1
O3,2022-01-04 12:00:00,47.1,HP1
O3,2022-01-04 13:00:00,47.5,HP1
O3,2022-01-04 14:00:00,41.5,HP1
O3,2022-01-04 15:00:00,35.1,HP1
O3,2022-01-04 16:00:00,29.9,HP1
O3,2022-01-04 17:00:00,30,HP1
O3,2022-01-04 18:00:00,30.3,HP1
O3,2022-01-04 19:00:00,18.5,HP1
O3,2022-01-04 20:00:00,21,HP1
O3,2022-01-04 21:00:00,33,HP1
O3,2022-01-04 22:00:00,38.5,HP1
O3,2022-01-04 23:00:00,42,HP1
O3,2022-01-05 00:00:00,42.1,HP1
O3,2022-01-05 01:00:00,45,HP1
O3,2022-01-05 02:00:00,47.3,HP1
O3,2022-01-05 03:00:00,49.2,HP1
O3,2022-01-05 04:00:00,48.3,HP1
O3,2022-01-05 05:00:00,45.2,HP1
O3,2022-01-05 06:00:00,40.3,HP1
O3,2022-01-05 07:00:00,35.7,HP1
O3,2022-01-05 08:00:00,29.8,HP1
O3,2022-01-05 09:00:00,29,HP1
O3,2022-01-05 10:00:00,36.9,HP1
O3,2022-01-05 11:00:00,38.9,HP1
O3,2022-01-05 12:00:00,48.2,HP1
O3,2022-01-05 13:00:00,48,HP1
O3,2022-01-05 14:00:00,45.4,HP1
O3,2022-01-05 15:00:00,42.1,HP1
O3,2022-01-05 16:00:00,36.1,HP1
O3,2022-01-05 17:00:00,26,HP1
O3,2022-01-05 18:00:00,5.5,HP1
O3,2022-01-05 19:00:00,4.8,HP1
O3,2022-01-05 20:00:00,2.9,HP1
O3,2022-01-05 21:00:00,1.8,HP1
O3,2022-01-05 22:00:00,1.1,HP1
O3,2022-01-05 23:00:00,0.6,HP1
O3,2022-01-06 00:00:00,1.3,HP1
O3,2022-01-06 01:00:00,1.9,HP1
O3,2022-01-06 02:00:00,6.6,HP1
O3,2022-01-06 03:00:00,6.5,HP1
O3,2022-01-06 04:00:00,5.6,HP1
O3,2022-01-06 05:00:00,4.7,HP1
O3,2022-01-06 06:00:00,0.3,HP1
O3,2022-01-06 07:00:00,0.4,HP1
O3,2022-01-06 08:00:00,1,HP1
O3,2022-01-06 09:00:00,4.2,HP1
O3,2022-01-06 10:00:00,27.8,HP1
O3,2022-01-06 11:00:00,37.3,HP1
O3,2022-01-06 12:00:00,39.1,HP1
O3,2022-01-06 13:00:00,39,HP1
O3,2022-01-06 14:00:00,37.7,HP1
O3,2022-01-06 15:00:00,45,HP1
O3,2022-01-06 16:00:00,54.1,HP1
O3,2022-01-06 17:00:00,56.1,HP1
O3,2022-01-06 18:00:00,57.6,HP1
O3,2022-01-06 19:00:00,56.2,HP1
O3,2022-01-06 20:00:00,51.9,HP1
O3,2022-01-06 21:00:00,46.9,HP1
O3,2022-01-06 22:00:00,51.8,HP1
O3,2022-01-06 23:00:00,63.7,HP1
O3,2022-01-07 00:00:00,66.3,HP1
O3,2022-01-07 01:00:00,64.5,HP1
O3,2022-01-07 02:00:00,61.9,HP1
O3,2022-01-07 03:00:00,61.5,HP1
O3,2022-01-07 04:00:00,59.8,HP1
O3,2022-01-07 05:00:00,59.5,HP1
O3,2022-01-07 06:00:00,56.7,HP1
O3,2022-01-07 07:00:00,52.2,HP1
O3,2022-01-07 08:00:00,48.1,HP1
O3,2022-01-07 09:00:00,52.4,HP1
O3,2022-01-07 10:00:00,54.7,HP1
O3,2022-01-07 11:00:00,57.5,HP1
O3,2022-01-07 12:00:00,57.8,HP1
O3,2022-01-07 13:00:00,52.3,HP1
O3,2022-01-07 14:00:00,49.6,HP1
O3,2022-01-07 15:00:00,49,HP1
O3,2022-01-07 16:00:00,53.6,HP1
O3,2022-01-07 17:00:00,60.1,HP1
O3,2022-01-07 18:00:00,52.3,HP1
O3,2022-01-07 19:00:00,40.7,HP1
O3,2022-01-07 20:00:00,33.1,HP1
O3,2022-01-07 21:00:00,28.1,HP1
O3,2022-01-07 22:00:00,27,HP1
O3,2022-01-07 23:00:00,33,HP1
O3,2022-01-08 00:00:00,39,HP1
O3,2022-01-08 01:00:00,41.7,HP1
O3,2022-01-08 02:00:00,43,HP1
O3,2022-01-08 03:00:00,39.7,HP1
O3,2022-01-08 04:00:00,41.9,HP1
O3,2022-01-08 05:00:00,45.4,HP1
O3,2022-01-08 06:00:00,46.1,HP1
O3,2022-01-08 07:00:00,47.4,HP1
O3,2022-01-08 08:00:00,50,HP1
O3,2022-01-08 09:00:00,52.8,HP1
O3,2022-01-08 10:00:00,59,HP1
O3,2022-01-08 11:00:00,59.1,HP1
O3,2022-01-08 12:00:00,61.5,HP1
O3,2022-01-08 13:00:00,60,HP1
O3,2022-01-08 14:00:00,59.5,HP1
O3,2022-01-08 15:00:00,57.5,HP1
O3,2022-01-08 16:00:00,53.2,HP1
O3,2022-01-08 17:00:00,46.5,HP1
O3,2022-01-08 18:00:00,46.2,HP1
O3,2022-01-08 19:00:00,49.9,HP1
O3,2022-01-08 20:00:00,58.7,HP1
O3,2022-01-08 21:00:00,60.9,HP1
O3,2022-01-08 22:00:00,55.2,HP1
O3,2022-01-08 23:00:00,56.1,HP1
O3,2022-01-09 00:00:00,52.2,HP1
O3,2022-01-09 01:00:00,49.2,HP1
O3,2022-01-09 02:00:00,52.2,HP1
O3,2022-01-09 03:00:00,51.8,HP1
O3,2022-01-09 04:00:00,53.7,HP1
O3,2022-01-09 05:00:00,54.8,HP1
O3,2022-01-09 06:00:00,53.8,HP1
O3,2022-01-09 07:00:00,52.4,HP1
O3,2022-01-09 08:00:00,49,HP1
O3,2022-01-09 09:00:00,49.9,HP1
O3,2022-01-09 10:00:00,50.2,HP1
O3,2022-01-09 11:00:00,52.1,HP1
O3,2022-01-09 12:00:00,51.6,HP1
O3,2022-01-09 13:00:00,55.5,HP1
O3,2022-01-09 14:00:00,53.4,HP1
O3,2022-01-09 15:00:00,49,HP1
O3,2022-01-09 16:00:00,36.3,HP1
O3,2022-01-09 17:00:00,25.9,HP1
O3,2022-01-09 18:00:00,11.2,HP1
O3,2022-01-09 19:00:00,10.5,HP1
O3,2022-01-09 20:00:00,13.1,HP1
O3,2022-01-09 21:00:00,4.3,HP1
O3,2022-01-09 22:00:00,21.2,HP1
O3,2022-01-09 23:00:00,3.2,HP1
O3,2022-01-10 00:00:00,1.3,HP1
O3,2022-01-10 01:00:00,1.1,HP1
O3,2022-01-10 02:00:00,0.9,HP1
O3,2022-01-10 03:00:00,1.1,HP1
O3,2022-01-10 04:00:00,1.8,HP1
O3,2022-01-10 05:00:00,1.1,HP1
O3,2022-01-10 06:00:00,1,HP1
O3,2022-01-10 07:00:00,0.9,HP1
O3,2022-01-10 08:00:00,1.1,HP1
O3,2022-01-10 09:00:00,1.2,HP1
O3,2022-01-10 10:00:00,1,HP1
O3,2022-01-10 11:00:00,1.8,HP1
O3,2022-01-10 12:00:00,16.6,HP1
O3,2022-01-10 13:00:00,30.5,HP1
O3,2022-01-10 14:00:00,30.8,HP1
O3,2022-01-10 15:00:00,31.3,HP1
O3,2022-01-10 16:00:00,27.7,HP1
O3,2022-01-10 17:00:00,29.9,HP1
O3,2022-01-10 18:00:00,28.4,HP1
O3,2022-01-10 19:00:00,30.2,HP1
O3,2022-01-10 20:00:00,29.3,HP1
O3,2022-01-10 21:00:00,37.7,HP1
O3,2022-01-10 22:00:00,42.1,HP1
O3,2022-01-10 23:00:00,38.6,HP1
O3,2022-01-11 00:00:00,37.9,HP1
O3,2022-01-11 01:00:00,34.9,HP1
O3,2022-01-11 02:00:00,35.6,HP1
O3,2022-01-11 03:00:00,39.9,HP1
O3,2022-01-11 04:00:00,46,HP1
O3,2022-01-11 05:00:00,43,HP1
O3,2022-01-11 06:00:00,34.1,HP1
O3,2022-01-11 07:00:00,33.3,HP1
O3,2022-01-11 08:00:00,28,HP1
O3,2022-01-11 09:00:00,22.1,HP1
O3,2022-01-11 10:00:00,32.4,HP1
O3,2022-01-11 11:00:00,28.9,HP1
O3,2022-01-11 12:00:00,28.8,HP1
O3,2022-01-11 13:00:00,24.6,HP1
O3,2022-01-11 14:00:00,20.6,HP1
O3,2022-01-11 15:00:00,12.4,HP1
O3,2022-01-11 16:00:00,5.7,HP1
O3,2022-01-11 17:00:00,2.6,HP1
O3,2022-01-11 18:00:00,9,HP1
O3,2022-01-11 19:00:00,21.8,HP1
O3,2022-01-11 20:00:00,20.8,HP1
O3,2022-01-11 21:00:00,22.7,HP1
O3,2022-01-11 22:00:00,28.7,HP1
O3,2022-01-11 23:00:00,30.3,HP1
O3,2022-01-12 00:00:00,29,HP1
O3,2022-01-12 01:00:00,22.2,HP1
O3,2022-01-12 02:00:00,19.5,HP1
O3,2022-01-12 03:00:00,13.3,HP1
O3,2022-01-12 04:00:00,7.5,HP1
O3,2022-01-12 05:00:00,4.5,HP1
O3,2022-01-12 06:00:00,1.7,HP1
O3,2022-01-12 07:00:00,1,HP1
O3,2022-01-12 08:00:00,1.5,HP1
O3,2022-01-12 09:00:00,1.4,HP1
O3,2022-01-12 10:00:00,2.4,HP1
O3,2022-01-12 11:00:00,3.4,HP1
O3,2022-01-12 12:00:00,5.9,HP1
O3,2022-01-12 13:00:00,10.6,HP1
O3,2022-01-12 14:00:00,6.9,HP1
O3,2022-01-12 15:00:00,3.5,HP1
O3,2022-01-12 16:00:00,0.9,HP1
O3,2022-01-12 17:00:00,0.6,HP1
O3,2022-01-12 18:00:00,0.7,HP1
O3,2022-01-12 19:00:00,0.9,HP1
O3,2022-01-12 20:00:00,1,HP1
O3,2022-01-12 21:00:00,1,HP1
O3,2022-01-12 22:00:00,0.8,HP1
O3,2022-01-12 23:00:00,1,HP1
O3,2022-01-13 00:00:00,0.9,HP1
O3,2022-01-13 01:00:00,0.5,HP1
O3,2022-01-13 02:00:00,0.5,HP1
O3,2022-01-13 03:00:00,0.8,HP1
O3,2022-01-13 04:00:00,0.5,HP1
O3,2022-01-13 05:00:00,0.7,HP1
O3,2022-01-13 06:00:00,0.7,HP1
O3,2022-01-13 07:00:00,0.9,HP1
O3,2022-01-13 08:00:00,1.1,HP1
O3,2022-01-13 09:00:00,1.1,HP1
O3,2022-01-13 10:00:00,1.8,HP1
O3,2022-01-13 11:00:00,2.4,HP1
O3,2022-01-13 12:00:00,8.3,HP1
O3,2022-01-13 13:00:00,20.8,HP1
O3,2022-01-13 14:00:00,32.1,HP1
O3,2022-01-13 15:00:00,20.9,HP1
O3,2022-01-13 16:00:00,2.7,HP1
O3,2022-01-13 17:00:00,2,HP1
O3,2022-01-13 18:00:00,5.6,HP1
O3,2022-01-13 19:00:00,1.7,HP1
O3,2022-01-13 20:00:00,2,HP1
O3,2022-01-13 21:00:00,2.3,HP1
O3,2022-01-13 22:00:00,1.6,HP1
O3,2022-01-13 23:00:00,1.1,HP1
O3,2022-01-14 00:00:00,1.4,HP1
O3,2022-01-14 01:00:00,1,HP1
O3,2022-01-14 02:00:00,1.1,HP1
O3,2022-01-14 03:00:00,1.5,HP1
O3,2022-01-14 04:00:00,1.1,HP1
O3,2022-01-14 05:00:00,0.7,HP1
O3,2022-01-14 06:00:00,1,HP1
O3,2022-01-14 07:00:00,1,HP1
O3,2022-01-14 08:00:00,1.1,HP1
O3,2022-01-14 09:00:00,1.2,HP1
O3,2022-01-14 10:00:00,2,HP1
O3,2022-01-14 11:00:00,4.5,HP1
O3,2022-01-14 12:00:00,5.9,HP1
O3,2022-01-14 13:00:00,9.6,HP1
O3,2022-01-14 14:00:00,6.9,HP1
O3,2022-01-14 15:00:00,2,HP1
O3,2022-01-14 16:00:00,1.5,HP1
O3,2022-01-14 17:00:00,1.3,HP1
O3,2022-01-14 18:00:00,1.4,HP1
O3,2022-01-14 19:00:00,1.7,HP1
O3,2022-01-14 20:00:00,2.2,HP1
O3,2022-01-14 21:00:00,1.9,HP1
O3,2022-01-14 22:00:00,1.7,HP1
O3,2022-01-14 23:00:00,1.2,HP1
O3,2022-01-15 00:00:00,1.1,HP1
O3,2022-01-15 01:00:00,1.1,HP1
O3,2022-01-15 02:00:00,0.9,HP1
O3,2022-01-15 03:00:00,0.5,HP1
O3,2022-01-15 04:00:00,0.5,HP1
O3,2022-01-15 05:00:00,0.4,HP1
O3,2022-01-15 06:00:00,0.7,HP1
O3,2022-01-15 07:00:00,1.3,HP1
O3,2022-01-15 08:00:00,1.8,HP1
O3,2022-01-15 09:00:00,4.8,HP1
O3,2022-01-15 10:00:00,7.3,HP1
O3,2022-01-15 11:00:00,8.7,HP1
O3,2022-01-15 12:00:00,6.9,HP1
O3,2022-01-15 13:00:00,20.8,HP1
O3,2022-01-15 14:00:00,25.9,HP1
O3,2022-01-15 15:00:00,20.4,HP1
O3,2022-01-15 16:00:00,17.2,HP1
O3,2022-01-15 17:00:00,13.2,HP1
O3,2022-01-15 18:00:00,4.6,HP1
O3,2022-01-15 19:00:00,5,HP1
O3,2022-01-15 20:00:00,2.6,HP1
O3,2022-01-15 21:00:00,3.7,HP1
O3,2022-01-15 22:00:00,2.6,HP1
O3,2022-01-15 23:00:00,2.2,HP1
O3,2022-01-16 00:00:00,8.6,HP1
O3,2022-01-16 01:00:00,27.9,HP1
O3,2022-01-16 02:00:00,29.3,HP1
O3,2022-01-16 03:00:00,29.2,HP1
O3,2022-01-16 04:00:00,27.1,HP1
O3,2022-01-16 05:00:00,20.7,HP1
O3,2022-01-16 06:00:00,32.7,HP1
O3,2022-01-16 07:00:00,30.3,HP1
O3,2022-01-16 08:00:00,34.7,HP1
O3,2022-01-16 09:00:00,34.8,HP1
O3,2022-01-16 10:00:00,33,HP1
O3,2022-01-16 11:00:00,34,HP1
O3,2022-01-16 12:00:00,33,HP1
O3,2022-01-16 13:00:00,29.6,HP1
O3,2022-01-16 14:00:00,29.3,HP1
O3,2022-01-16 15:00:00,19.6,HP1
O3,2022-01-16 16:00:00,26.3,HP1
O3,2022-01-16 17:00:00,7,HP1
O3,2022-01-16 18:00:00,1.9,HP1
O3,2022-01-16 19:00:00,2.5,HP1
O3,2022-01-16 20:00:00,23.7,HP1
O3,2022-01-16 21:00:00,19.2,HP1
O3,2022-01-16 22:00:00,43.4,HP1
O3,2022-01-16 23:00:00,43.4,HP1
O3,2022-01-17 00:00:00,32.1,HP1
O3,2022-01-17 01:00:00,30.5,HP1
O3,2022-01-17 02:00:00,39.5,HP1
O3,2022-01-17 03:00:00,40.7,HP1
O3,2022-01-17 04:00:00,40.3,HP1
O3,2022-01-17 05:00:00,37,HP1
O3,2022-01-17 06:00:00,27.8,HP1
O3,2022-01-17 07:00:00,14.4,HP1
O3,2022-01-17 08:00:00,8,HP1
O3,2022-01-17 09:00:00,14.1,HP1
O3,2022-01-17 10:00:00,18.5,HP1
O3,2022-01-17 11:00:00,21.2,HP1
O3,2022-01-17 12:00:00,17.5,HP1
O3,2022-01-17 13:00:00,14.8,HP1
O3,2022-01-17 14:00:00,10.5,HP1
O3,2022-01-17 15:00:00,6.9,HP1
O3,2022-01-17 16:00:00,2,HP1
O3,2022-01-17 17:00:00,1.5,HP1
O3,2022-01-17 18:00:00,1.9,HP1
O3,2022-01-17 19:00:00,2.5,HP1
O3,2022-01-17 20:00:00,2.2,HP1
O3,2022-01-17 21:00:00,2.3,HP1
O3,2022-01-17 22:00:00,2,HP1
O3,2022-01-17 23:00:00,1.7,HP1
O3,2022-01-18 00:00:00,1.4,HP1
O3,2022-01-18 01:00:00,1,HP1
O3,2022-01-18 02:00:00,1.1,HP1
O3,2022-01-18 03:00:00,0.9,HP1
O3,2022-01-18 04:00:00,1,HP1
O3,2022-01-18 05:00:00,1.1,HP1
O3,2022-01-18 06:00:00,0.9,HP1
O3,2022-01-18 07:00:00,1,HP1
O3,2022-01-18 08:00:00,1.1,HP1
O3,2022-01-18 09:00:00,1.7,HP1
O3,2022-01-18 10:00:00,2.5,HP1
O3,2022-01-18 11:00:00,15.3,HP1
O3,2022-01-18 12:00:00,29.9,HP1
O3,2022-01-18 13:00:00,36.3,HP1
O3,2022-01-18 14:00:00,41.2,HP1
O3,2022-01-18 15:00:00,39.7,HP1
O3,2022-01-18 16:00:00,12.9,HP1
O3,2022-01-18 17:00:00,1.3,HP1
O3,2022-01-18 18:00:00,1.6,HP1
O3,2022-01-18 19:00:00,2.2,HP1
O3,2022-01-18 20:00:00,2.3,HP1
O3,2022-01-18 21:00:00,1,HP1
O3,2022-01-18 22:00:00,1,HP1
O3,2022-01-18 23:00:00,1,HP1
O3,2022-01-19 00:00:00,2.2,HP1
O3,2022-01-19 01:00:00,1.4,HP1
O3,2022-01-19 02:00:00,1.6,HP1
O3,2022-01-19 03:00:00,18.2,HP1
O3,2022-01-19 04:00:00,28.3,HP1
O3,2022-01-19 05:00:00,31.9,HP1
O3,2022-01-19 06:00:00,37.4,HP1
O3,2022-01-19 07:00:00,32.1,HP1
O3,2022-01-19 08:00:00,26.1,HP1
O3,2022-01-19 09:00:00,24.5,HP1
O3,2022-01-19 10:00:00,27.4,HP1
O3,2022-01-19 11:00:00,33.8,HP1
O3,2022-01-19 12:00:00,40.9,HP1
O3,2022-01-19 13:00:00,38.2,HP1
O3,2022-01-19 14:00:00,28.7,HP1
O3,2022-01-19 15:00:00,40.4,HP1
O3,2022-01-19 16:00:00,47.3,HP1
O3,2022-01-19 17:00:00,43.3,HP1
O3,2022-01-19 18:00:00,30.7,HP1
O3,2022-01-19 19:00:00,27.5,HP1
O3,2022-01-19 20:00:00,35.9,HP1
O3,2022-01-19 21:00:00,38.1,HP1
O3,2022-01-19 22:00:00,30.7,HP1
O3,2022-01-19 23:00:00,27.3,HP1
O3,2022-01-20 00:00:00,23.3,HP1
O3,2022-01-20 01:00:00,24.7,HP1
O3,2022-01-20 02:00:00,26.9,HP1
O3,2022-01-20 03:00:00,31.2,HP1
O3,2022-01-20 04:00:00,31.9,HP1
O3,2022-01-20 05:00:00,36.9,HP1
O3,2022-01-20 06:00:00,25,HP1
O3,2022-01-20 07:00:00,29,HP1
O3,2022-01-20 08:00:00,26.8,HP1
O3,2022-01-20 09:00:00,25.9,HP1
O3,2022-01-20 10:00:00,36.5,HP1
O3,2022-01-20 11:00:00,46.2,HP1
O3,2022-01-20 12:00:00,51.4,HP1
O3,2022-01-20 13:00:00,56,HP1
O3,2022-01-20 14:00:00,57,HP1
O3,2022-01-20 15:00:00,52.2,HP1
O3,2022-01-20 16:00:00,46.5,HP1
O3,2022-01-20 17:00:00,48.8,HP1
O3,2022-01-20 18:00:00,46,HP1
O3,2022-01-20 19:00:00,40.7,HP1
O3,2022-01-20 20:00:00,43.1,HP1
O3,2022-01-20 21:00:00,34.3,HP1
O3,2022-01-20 22:00:00,34.6,HP1
O3,2022-01-20 23:00:00,37.9,HP1
O3,2022-01-21 00:00:00,38.4,HP1
O3,2022-01-21 01:00:00,36.9,HP1
O3,2022-01-21 02:00:00,30,HP1
O3,2022-01-21 03:00:00,19.2,HP1
O3,2022-01-21 04:00:00,18.7,HP1
O3,2022-01-21 05:00:00,14.5,HP1
O3,2022-01-21 06:00:00,13,HP1
O3,2022-01-21 07:00:00,6.4,HP1
O3,2022-01-21 08:00:00,4.3,HP1
O3,2022-01-21 09:00:00,6.5,HP1
O3,2022-01-21 10:00:00,7.3,HP1
O3,2022-01-21 11:00:00,5.7,HP1
O3,2022-01-21 12:00:00,6.6,HP1
O3,2022-01-21 13:00:00,12.2,HP1
O3,2022-01-21 14:00:00,17.1,HP1
O3,2022-01-21 15:00:00,16,HP1
O3,2022-01-21 16:00:00,6.8,HP1
O3,2022-01-21 17:00:00,5,HP1
O3,2022-01-21 18:00:00,6.2,HP1
O3,2022-01-21 19:00:00,5.9,HP1
O3,2022-01-21 20:00:00,6.4,HP1
O3,2022-01-21 21:00:00,11.4,HP1
O3,2022-01-21 22:00:00,28.8,HP1
O3,2022-01-21 23:00:00,35.8,HP1
O3,2022-01-22 00:00:00,27.6,HP1
O3,2022-01-22 01:00:00,25,HP1
O3,2022-01-22 02:00:00,29.3,HP1
O3,2022-01-22 03:00:00,34.7,HP1
O3,2022-01-22 04:00:00,35.5,HP1
O3,2022-01-22 05:00:00,36,HP1
O3,2022-01-22 06:00:00,40.7,HP1
O3,2022-01-22 07:00:00,46,HP1
O3,2022-01-22 08:00:00,45.7,HP1
O3,2022-01-22 09:00:00,42.2,HP1
O3,2022-01-22 10:00:00,43.6,HP1
O3,2022-01-22 11:00:00,44.7,HP1
O3,2022-01-22 12:00:00,46.2,HP1
O3,2022-01-22 13:00:00,44.2,HP1
O3,2022-01-22 14:00:00,43.6,HP1
O3,2022-01-22 15:00:00,43.3,HP1
O3,2022-01-22 16:00:00,40.9,HP1
O3,2022-01-22 17:00:00,41.3,HP1
O3,2022-01-22 18:00:00,40.9,HP1
O3,2022-01-22 19:00:00,38.3,HP1
O3,2022-01-22 20:00:00,39.8,HP1
O3,2022-01-22 21:00:00,41.2,HP1
O3,2022-01-22 22:00:00,42.8,HP1
O3,2022-01-22 23:00:00,41.4,HP1
O3,2022-01-23 00:00:00,49.6,HP1
O3,2022-01-23 01:00:00,54.2,HP1
O3,2022-01-23 02:00:00,52.6,HP1
O3,2022-01-23 03:00:00,49.3,HP1
O3,2022-01-23 04:00:00,46.8,HP1
O3,2022-01-23 05:00:00,45.4,HP1
O3,2022-01-23 06:00:00,40.1,HP1
O3,2022-01-23 07:00:00,31.5,HP1
O3,2022-01-23 08:00:00,26,HP1
O3,2022-01-23 09:00:00,32.7,HP1
O3,2022-01-23 10:00:00,46.7,HP1
O3,2022-01-23 11:00:00,46.7,HP1
O3,2022-01-23 12:00:00,52.8,HP1
O3,2022-01-23 13:00:00,53.4,HP1
O3,2022-01-23 14:00:00,54.3,HP1
O3,2022-01-23 15:00:00,53.3,HP1
O3,2022-01-23 16:00:00,51.5,HP1
O3,2022-01-23 17:00:00,49.8,HP1
O3,2022-01-23 18:00:00,43.1,HP1
O3,2022-01-23 19:00:00,42.8,HP1
O3,2022-01-23 20:00:00,43.9,HP1
O3,2022-01-23 21:00:00,38.8,HP1
O3,2022-01-23 22:00:00,38.7,HP1
O3,2022-01-23 23:00:00,42.5,HP1
O3,2022-01-24 00:00:00,47.2,HP1
O3,2022-01-24 01:00:00,50.8,HP1
O3,2022-01-24 02:00:00,51.6,HP1
O3,2022-01-24 03:00:00,52,HP1
O3,2022-01-24 04:00:00,51.3,HP1
O3,2022-01-24 05:00:00,49.8,HP1
O3,2022-01-24 06:00:00,49.1,HP1
O3,2022-01-24 07:00:00,44,HP1
O3,2022-01-24 08:00:00,39.7,HP1
O3,2022-01-24 09:00:00,40.1,HP1
O3,2022-01-24 10:00:00,40.9,HP1
O3,2022-01-24 11:00:00,40.4,HP1
O3,2022-01-24 12:00:00,37.2,HP1
O3,2022-01-24 13:00:00,35.7,HP1
O3,2022-01-24 14:00:00,33.1,HP1
O3,2022-01-24 15:00:00,31.4,HP1
O3,2022-01-24 16:00:00,23.2,HP1
O3,2022-01-24 17:00:00,18.2,HP1
O3,2022-01-24 18:00:00,15.8,HP1
O3,2022-01-24 19:00:00,18.7,HP1
O3,2022-01-24 20:00:00,18.3,HP1
O3,2022-01-24 21:00:00,22,HP1
O3,2022-01-24 22:00:00,25.8,HP1
O3,2022-01-24 23:00:00,29.9,HP1
O3,2022-01-25 00:00:00,31.3,HP1
O3,2022-01-25 01:00:00,32.3,HP1
O3,2022-01-25 02:00:00,32.8,HP1
O3,2022-01-25 03:00:00,34.4,HP1
O3,2022-01-25 04:00:00,37.3,HP1
O3,2022-01-25 05:00:00,37,HP1
O3,2022-01-25 06:00:00,32,HP1
O3,2022-01-25 07:00:00,30.5,HP1
O3,2022-01-25 08:00:00,29.8,HP1
O3,2022-01-25 09:00:00,23.3,HP1
O3,2022-01-25 10:00:00,22.3,HP1
O3,2022-01-25 11:00:00,25.8,HP1
O3,2022-01-25 12:00:00,22.2,HP1
O3,2022-01-25 13:00:00,13.4,HP1
O3,2022-01-25 14:00:00,16.3,HP1
O3,2022-01-25 15:00:00,14.8,HP1
O3,2022-01-25 16:00:00,19.3,HP1
O3,2022-01-25 17:00:00,15.8,HP1
O3,2022-01-25 18:00:00,10.5,HP1
O3,2022-01-25 19:00:00,28.2,HP1
O3,2022-01-25 20:00:00,33.3,HP1
O3,2022-01-25 21:00:00,36.1,HP1
O3,2022-01-25 22:00:00,34.7,HP1
O3,2022-01-25 23:00:00,30.8,HP1
O3,2022-01-26 00:00:00,39.8,HP1
O3,2022-01-26 01:00:00,34.3,HP1
O3,2022-01-26 02:00:00,26.2,HP1
O3,2022-01-26 03:00:00,24.3,HP1
O3,2022-01-26 04:00:00,24.8,HP1
O3,2022-01-26 05:00:00,18.2,HP1
O3,2022-01-26 06:00:00,10.5,HP1
O3,2022-01-26 07:00:00,9,HP1
O3,2022-01-26 08:00:00,12.1,HP1
O3,2022-01-26 09:00:00,13.9,HP1
O3,2022-01-26 10:00:00,14.7,HP1
O3,2022-01-26 11:00:00,20,HP1
O3,2022-01-26 12:00:00,25.9,HP1
O3,2022-01-26 13:00:00,,HP1
O3,2022-01-26 14:00:00,46.6,HP1
O3,2022-01-26 15:00:00,38.9,HP1
O3,2022-01-26 16:00:00,37.7,HP1
O3,2022-01-26 17:00:00,35.4,HP1
O3,2022-01-26 18:00:00,40.1,HP1
O3,2022-01-26 19:00:00,40.5,HP1
O3,2022-01-26 20:00:00,36.4,HP1
O3,2022-01-26 21:00:00,41,HP1
O3,2022-01-26 22:00:00,42,HP1
O3,2022-01-26 23:00:00,43,HP1
O3,2022-01-27 00:00:00,44.9,HP1
O3,2022-01-27 01:00:00,44.7,HP1
O3,2022-01-27 02:00:00,45.9,HP1
O3,2022-01-27 03:00:00,48,HP1
O3,2022-01-27 04:00:00,49.8,HP1
O3,2022-01-27 05:00:00,49.2,HP1
O3,2022-01-27 06:00:00,45.3,HP1
O3,2022-01-27 07:00:00,40.1,HP1
O3,2022-01-27 08:00:00,37.8,HP1
O3,2022-01-27 09:00:00,32.8,HP1
O3,2022-01-27 10:00:00,33.6,HP1
O3,2022-01-27 11:00:00,34.1,HP1
O3,2022-01-27 12:00:00,35.4,HP1
O3,2022-01-27 13:00:00,35.3,HP1
O3,2022-01-27 14:00:00,36.5,HP1
O3,2022-01-27 15:00:00,49.9,HP1
O3,2022-01-27 16:00:00,49.7,HP1
O3,2022-01-27 17:00:00,43.9,HP1
O3,2022-01-27 18:00:00,43.5,HP1
O3,2022-01-27 19:00:00,38.4,HP1
O3,2022-01-27 20:00:00,34.4,HP1
O3,2022-01-27 21:00:00,27.8,HP1
O3,2022-01-27 22:00:00,25.2,HP1
O3,2022-01-27 23:00:00,20.4,HP1
O3,2022-01-28 00:00:00,21.4,HP1
O3,2022-01-28 01:00:00,21.3,HP1
O3,2022-01-28 02:00:00,23.6,HP1
O3,2022-01-28 03:00:00,26.8,HP1
O3,2022-01-28 04:00:00,23,HP1
O3,2022-01-28 05:00:00,14,HP1
O3,2022-01-28 06:00:00,3.2,HP1
O3,2022-01-28 07:00:00,0.9,HP1
O3,2022-01-28 08:00:00,1.7,HP1
O3,2022-01-28 09:00:00,13.3,HP1
O3,2022-01-28 10:00:00,16.9,HP1
O3,2022-01-28 11:00:00,28.7,HP1
O3,2022-01-28 12:00:00,46.5,HP1
O3,2022-01-28 13:00:00,49.8,HP1
O3,2022-01-28 14:00:00,45.3,HP1
O3,2022-01-28 15:00:00,43.4,HP1
O3,2022-01-28 16:00:00,41.7,HP1
O3,2022-01-28 17:00:00,33.2,HP1
O3,2022-01-28 18:00:00,37.3,HP1
O3,2022-01-28 19:00:00,46.4,HP1
O3,2022-01-28 20:00:00,47.4,HP1
O3,2022-01-28 21:00:00,45.1,HP1
O3,2022-01-28 22:00:00,44.1,HP1
O3,2022-01-28 23:00:00,44.4,HP1
O3,2022-01-29 00:00:00,45.5,HP1
O3,2022-01-29 01:00:00,47.7,HP1
O3,2022-01-29 02:00:00,50.6,HP1
O3,2022-01-29 03:00:00,53.6,HP1
O3,2022-01-29 04:00:00,55.9,HP1
O3,2022-01-29 05:00:00,59.2,HP1
O3,2022-01-29 06:00:00,57.7,HP1
O3,2022-01-29 07:00:00,56.4,HP1
O3,2022-01-29 08:00:00,55.4,HP1
O3,2022-01-29 09:00:00,56.1,HP1
O3,2022-01-29 10:00:00,57.6,HP1
O3,2022-01-29 11:00:00,58.1,HP1
O3,2022-01-29 12:00:00,58.6,HP1
O3,2022-01-29 13:00:00,57.8,HP1
O3,2022-01-29 14:00:00,56,HP1
O3,2022-01-29 15:00:00,54.9,HP1
O3,2022-01-29 16:00:00,50.2,HP1
O3,2022-01-29 17:00:00,58.7,HP1
O3,2022-01-29 18:00:00,62.7,HP1
O3,2022-01-29 19:00:00,58.4,HP1
O3,2022-01-29 20:00:00,56.9,HP1
O3,2022-01-29 21:00:00,57.2,HP1
O3,2022-01-29 22:00:00,51.1,HP1
O3,2022-01-29 23:00:00,55.2,HP1
O3,2022-01-30 00:00:00,48.1,HP1
O3,2022-01-30 01:00:00,38,HP1
O3,2022-01-30 02:00:00,38.6,HP1
O3,2022-01-30 03:00:00,40,HP1
O3,2022-01-30 04:00:00,36.8,HP1
O3,2022-01-30 05:00:00,34.1,HP1
O3,2022-01-30 06:00:00,23.2,HP1
O3,2022-01-30 07:00:00,16.9,HP1
O3,2022-01-30 08:00:00,17.8,HP1
O3,2022-01-30 09:00:00,30.4,HP1
O3,2022-01-30 10:00:00,33.7,HP1
O3,2022-01-30 11:00:00,41.4,HP1
O3,2022-01-30 12:00:00,45.5,HP1
O3,2022-01-30 13:00:00,48.8,HP1
O3,2022-01-30 14:00:00,56.1,HP1
O3,2022-01-30 15:00:00,58.7,HP1
O3,2022-01-30 16:00:00,58.5,HP1
O3,2022-01-30 17:00:00,51.6,HP1
O3,2022-01-30 18:00:00,45,HP1
O3,2022-01-30 19:00:00,50.4,HP1
O3,2022-01-30 20:00:00,55.2,HP1
O3,2022-01-30 21:00:00,57.5,HP1
O3,2022-01-30 22:00:00,57.9,HP1
O3,2022-01-30 23:00:00,57.6,HP1
PM1,2022-01-01 00:00:00,13.8,HP1
PM1,2022-01-01 01:00:00,10.5,HP1
PM1,2022-01-01 02:00:00,9.3,HP1
PM1,2022-01-01 03:00:00,8,HP1
PM1,2022-01-01 04:00:00,5.8,HP1
PM1,2022-01-01 05:00:00,4.8,HP1
PM1,2022-01-01 06:00:00,5.3,HP1
PM1,2022-01-01 07:00:00,4.5,HP1
PM1,2022-01-01 08:00:00,4.2,HP1
PM1,2022-01-01 09:00:00,4,HP1
PM1,2022-01-01 10:00:00,4.1,HP1
PM1,2022-01-01 11:00:00,4.4,HP1
PM1,2022-01-01 12:00:00,4.9,HP1
PM1,2022-01-01 13:00:00,5.3,HP1
PM1,2022-01-01 14:00:00,5.7,HP1
PM1,2022-01-01 15:00:00,6.1,HP1
PM1,2022-01-01 16:00:00,6.7,HP1
PM1,2022-01-01 17:00:00,6.6,HP1
PM1,2022-01-01 18:00:00,7.3,HP1
PM1,2022-01-01 19:00:00,7.9,HP1
PM1,2022-01-01 20:00:00,7.5,HP1
PM1,2022-01-01 21:00:00,7.5,HP1
PM1,2022-01-01 22:00:00,7.2,HP1
PM1,2022-01-01 23:00:00,5.6,HP1
PM1,2022-01-02 00:00:00,2.5,HP1
PM1,2022-01-02 01:00:00,2.7,HP1
PM1,2022-01-02 02:00:00,2.9,HP1
PM1,2022-01-02 03:00:00,2.4,HP1
PM1,2022-01-02 04:00:00,1.4,HP1
PM1,2022-01-02 05:00:00,2.2,HP1
PM1,2022-01-02 06:00:00,1.1,HP1
PM1,2022-01-02 07:00:00,0.9,HP1
PM1,2022-01-02 08:00:00,0.9,HP1
PM1,2022-01-02 09:00:00,1,HP1
PM1,2022-01-02 10:00:00,1,HP1
PM1,2022-01-02 11:00:00,1.1,HP1
PM1,2022-01-02 12:00:00,1.1,HP1
PM1,2022-01-02 13:00:00,1.6,HP1
PM1,2022-01-02 14:00:00,2.1,HP1
PM1,2022-01-02 15:00:00,1.6,HP1
PM1,2022-01-02 16:00:00,1.3,HP1
PM1,2022-01-02 17:00:00,1.8,HP1
PM1,2022-01-02 18:00:00,2,HP1
PM1,2022-01-02 19:00:00,2.2,HP1
PM1,2022-01-02 20:00:00,2.1,HP1
PM1,2022-01-02 21:00:00,2.4,HP1
PM1,2022-01-02 22:00:00,3.5,HP1
PM1,2022-01-02 23:00:00,4.1,HP1
PM1,2022-01-03 00:00:00,4,HP1
PM1,2022-01-03 01:00:00,4.1,HP1
PM1,2022-01-03 02:00:00,4,HP1
PM1,2022-01-03 03:00:00,3.8,HP1
PM1,2022-01-03 04:00:00,3.6,HP1
PM1,2022-01-03 05:00:00,3.4,HP1
PM1,2022-01-03 06:00:00,3.8,HP1
PM1,2022-01-03 07:00:00,4.4,HP1
PM1,2022-01-03 08:00:00,4.6,HP1
PM1,2022-01-03 09:00:00,2.9,HP1
PM1,2022-01-03 10:00:00,1.7,HP1
PM1,2022-01-03 11:00:00,1.9,HP1
PM1,2022-01-03 12:00:00,2.3,HP1
PM1,2022-01-03 13:00:00,2.5,HP1
PM1,2022-01-03 14:00:00,2.5,HP1
PM1,2022-01-03 15:00:00,3.2,HP1
PM1,2022-01-03 16:00:00,4.8,HP1
PM1,2022-01-03 17:00:00,5.1,HP1
PM1,2022-01-03 18:00:00,5.4,HP1
PM1,2022-01-03 19:00:00,5.1,HP1
PM1,2022-01-03 20:00:00,5.3,HP1
PM1,2022-01-03 21:00:00,4.7,HP1
PM1,2022-01-03 22:00:00,3.8,HP1
PM1,2022-01-03 23:00:00,3.5,HP1
PM1,2022-01-04 00:00:00,3.3,HP1
PM1,2022-01-04 01:00:00,3.1,HP1
PM1,2022-01-04 02:00:00,3.1,HP1
PM1,2022-01-04 03:00:00,3.2,HP1
PM1,2022-01-04 04:00:00,3,HP1
PM1,2022-01-04 05:00:00,3.2,HP1
PM1,2022-01-04 06:00:00,3.2,HP1
PM1,2022-01-04 07:00:00,3.3,HP1
PM1,2022-01-04 08:00:00,3.7,HP1
PM1,2022-01-04 09:00:00,3.3,HP1
PM1,2022-01-04 10:00:00,1.1,HP1
PM1,2022-01-04 11:00:00,1,HP1
PM1,2022-01-04 12:00:00,2.2,HP1
PM1,2022-01-04 13:00:00,1.9,HP1
PM1,2022-01-04 14:00:00,1.8,HP1
PM1,2022-01-04 15:00:00,2.1,HP1
PM1,2022-01-04 16:00:00,2.5,HP1
PM1,2022-01-04 17:00:00,6.4,HP1
PM1,2022-01-04 18:00:00,4.2,HP1
PM1,2022-01-04 19:00:00,5.6,HP1
PM1,2022-01-04 20:00:00,6,HP1
PM1,2022-01-04 21:00:00,4.9,HP1
PM1,2022-01-04 22:00:00,3.7,HP1
PM1,2022-01-04 23:00:00,2.6,HP1
PM1,2022-01-05 00:00:00,2.6,HP1
PM1,2022-01-05 01:00:00,2.5,HP1
PM1,2022-01-05 02:00:00,2.4,HP1
PM1,2022-01-05 03:00:00,2.1,HP1
PM1,2022-01-05 04:00:00,2.3,HP1
PM1,2022-01-05 05:00:00,2.5,HP1
PM1,2022-01-05 06:00:00,2.6,HP1
PM1,2022-01-05 07:00:00,2.8,HP1
PM1,2022-01-05 08:00:00,3,HP1
PM1,2022-01-05 09:00:00,3.3,HP1
PM1,2022-01-05 10:00:00,3.4,HP1
PM1,2022-01-05 11:00:00,3.6,HP1
PM1,2022-01-05 12:00:00,3.2,HP1
PM1,2022-01-05 13:00:00,2.9,HP1
PM1,2022-01-05 14:00:00,2.8,HP1
PM1,2022-01-05 15:00:00,2.9,HP1
PM1,2022-01-05 16:00:00,3.6,HP1
PM1,2022-01-05 17:00:00,5,HP1
PM1,2022-01-05 18:00:00,7.3,HP1
PM1,2022-01-05 19:00:00,9.3,HP1
PM1,2022-01-05 20:00:00,11.4,HP1
PM1,2022-01-05 21:00:00,12.8,HP1
PM1,2022-01-05 22:00:00,12.7,HP1
PM1,2022-01-05 23:00:00,12.4,HP1
PM1,2022-01-06 00:00:00,11.9,HP1
PM1,2022-01-06 01:00:00,10.7,HP1
PM1,2022-01-06 02:00:00,9.4,HP1
PM1,2022-01-06 03:00:00,9.2,HP1
PM1,2022-01-06 04:00:00,9.3,HP1
PM1,2022-01-06 05:00:00,8.8,HP1
PM1,2022-01-06 06:00:00,8.8,HP1
PM1,2022-01-06 07:00:00,9.8,HP1
PM1,2022-01-06 08:00:00,10.9,HP1
PM1,2022-01-06 09:00:00,9.6,HP1
PM1,2022-01-06 10:00:00,5.5,HP1
PM1,2022-01-06 11:00:00,4.4,HP1
PM1,2022-01-06 12:00:00,5.2,HP1
PM1,2022-01-06 13:00:00,6.4,HP1
PM1,2022-01-06 14:00:00,4.5,HP1
PM1,2022-01-06 15:00:00,3.3,HP1
PM1,2022-01-06 16:00:00,3,HP1
PM1,2022-01-06 17:00:00,2.9,HP1
PM1,2022-01-06 18:00:00,2.9,HP1
PM1,2022-01-06 19:00:00,2.7,HP1
PM1,2022-01-06 20:00:00,1.9,HP1
PM1,2022-01-06 21:00:00,1.4,HP1
PM1,2022-01-06 22:00:00,2.1,HP1
PM1,2022-01-06 23:00:00,2.5,HP1
PM1,2022-01-07 00:00:00,1.7,HP1
PM1,2022-01-07 01:00:00,1.4,HP1
PM1,2022-01-07 02:00:00,1.9,HP1
PM1,2022-01-07 03:00:00,2.4,HP1
PM1,2022-01-07 04:00:00,2.3,HP1
PM1,2022-01-07 05:00:00,1.8,HP1
PM1,2022-01-07 06:00:00,1.2,HP1
PM1,2022-01-07 07:00:00,1.2,HP1
PM1,2022-01-07 08:00:00,1.2,HP1
PM1,2022-01-07 09:00:00,1.7,HP1
PM1,2022-01-07 10:00:00,1.5,HP1
PM1,2022-01-07 11:00:00,1.8,HP1
PM1,2022-01-07 12:00:00,2.1,HP1
PM1,2022-01-07 13:00:00,2.5,HP1
PM1,2022-01-07 14:00:00,2.6,HP1
PM1,2022-01-07 15:00:00,2.8,HP1
PM1,2022-01-07 16:00:00,2.2,HP1
PM1,2022-01-07 17:00:00,1.7,HP1
PM1,2022-01-07 18:00:00,2.9,HP1
PM1,2022-01-07 19:00:00,5.4,HP1
PM1,2022-01-07 20:00:00,6.8,HP1
PM1,2022-01-07 21:00:00,7.8,HP1
PM1,2022-01-07 22:00:00,8.2,HP1
PM1,2022-01-07 23:00:00,7.3,HP1
PM1,2022-01-08 00:00:00,7.9,HP1
PM1,2022-01-08 01:00:00,6.4,HP1
PM1,2022-01-08 02:00:00,4.1,HP1
PM1,2022-01-08 03:00:00,3.9,HP1
PM1,2022-01-08 04:00:00,3.9,HP1
PM1,2022-01-08 05:00:00,3,HP1
PM1,2022-01-08 06:00:00,2.6,HP1
PM1,2022-01-08 07:00:00,3.4,HP1
PM1,2022-01-08 08:00:00,3.4,HP1
PM1,2022-01-08 09:00:00,3.9,HP1
PM1,2022-01-08 10:00:00,2.9,HP1
PM1,2022-01-08 11:00:00,1.9,HP1
PM1,2022-01-08 12:00:00,1.3,HP1
PM1,2022-01-08 13:00:00,1.1,HP1
PM1,2022-01-08 14:00:00,1.2,HP1
PM1,2022-01-08 15:00:00,1.9,HP1
PM1,2022-01-08 16:00:00,3.8,HP1
PM1,2022-01-08 17:00:00,4.5,HP1
PM1,2022-01-08 18:00:00,5.2,HP1
PM1,2022-01-08 19:00:00,6.4,HP1
PM1,2022-01-08 20:00:00,4.4,HP1
PM1,2022-01-08 21:00:00,2.8,HP1
PM1,2022-01-08 22:00:00,3.2,HP1
PM1,2022-01-08 23:00:00,2.8,HP1
PM1,2022-01-09 00:00:00,2.8,HP1
PM1,2022-01-09 01:00:00,2.8,HP1
PM1,2022-01-09 02:00:00,2.6,HP1
PM1,2022-01-09 03:00:00,2.6,HP1
PM1,2022-01-09 04:00:00,2.5,HP1
PM1,2022-01-09 05:00:00,2.6,HP1
PM1,2022-01-09 06:00:00,2.7,HP1
PM1,2022-01-09 07:00:00,2.7,HP1
PM1,2022-01-09 08:00:00,2.9,HP1
PM1,2022-01-09 09:00:00,3,HP1
PM1,2022-01-09 10:00:00,3.1,HP1
PM1,2022-01-09 11:00:00,2.9,HP1
PM1,2022-01-09 12:00:00,2.9,HP1
PM1,2022-01-09 13:00:00,2.8,HP1
PM1,2022-01-09 14:00:00,3.2,HP1
PM1,2022-01-09 15:00:00,3.7,HP1
PM1,2022-01-09 16:00:00,7.6,HP1
PM1,2022-01-09 17:00:00,9.8,HP1
PM1,2022-01-09 18:00:00,11.8,HP1
PM1,2022-01-09 19:00:00,13.3,HP1
PM1,2022-01-09 20:00:00,14.5,HP1
PM1,2022-01-09 21:00:00,18,HP1
PM1,2022-01-09 22:00:00,10.6,HP1
PM1,2022-01-09 23:00:00,13.3,HP1
PM1,2022-01-10 00:00:00,12,HP1
PM1,2022-01-10 01:00:00,10.8,HP1
PM1,2022-01-10 02:00:00,10.6,HP1
PM1,2022-01-10 03:00:00,10.1,HP1
PM1,2022-01-10 04:00:00,7.1,HP1
PM1,2022-01-10 05:00:00,6.7,HP1
PM1,2022-01-10 06:00:00,6.8,HP1
PM1,2022-01-10 07:00:00,7.1,HP1
PM1,2022-01-10 08:00:00,7.5,HP1
PM1,2022-01-10 09:00:00,8.3,HP1
PM1,2022-01-10 10:00:00,10.2,HP1
PM1,2022-01-10 11:00:00,9.4,HP1
PM1,2022-01-10 12:00:00,7.3,HP1
PM1,2022-01-10 13:00:00,6.3,HP1
PM1,2022-01-10 14:00:00,7.2,HP1
PM1,2022-01-10 15:00:00,7.5,HP1
PM1,2022-01-10 16:00:00,8.5,HP1
PM1,2022-01-10 17:00:00,9.4,HP1
PM1,2022-01-10 18:00:00,9.4,HP1
PM1,2022-01-10 19:00:00,9.5,HP1
PM1,2022-01-10 20:00:00,13.1,HP1
PM1,2022-01-10 21:00:00,12.9,HP1
PM1,2022-01-10 22:00:00,10.4,HP1
PM1,2022-01-10 23:00:00,12.4,HP1
PM1,2022-01-11 00:00:00,12,HP1
PM1,2022-01-11 01:00:00,12.7,HP1
PM1,2022-01-11 02:00:00,12.3,HP1
PM1,2022-01-11 03:00:00,9.8,HP1
PM1,2022-01-11 04:00:00,7.2,HP1
PM1,2022-01-11 05:00:00,6.1,HP1
PM1,2022-01-11 06:00:00,6.7,HP1
PM1,2022-01-11 07:00:00,4.4,HP1
PM1,2022-01-11 08:00:00,3.4,HP1
PM1,2022-01-11 09:00:00,3.5,HP1
PM1,2022-01-11 10:00:00,3.3,HP1
PM1,2022-01-11 11:00:00,5.3,HP1
PM1,2022-01-11 12:00:00,6.4,HP1
PM1,2022-01-11 13:00:00,7.1,HP1
PM1,2022-01-11 14:00:00,5.7,HP1
PM1,2022-01-11 15:00:00,6.1,HP1
PM1,2022-01-11 16:00:00,6.8,HP1
PM1,2022-01-11 17:00:00,7.7,HP1
PM1,2022-01-11 18:00:00,5.7,HP1
PM1,2022-01-11 19:00:00,8.8,HP1
PM1,2022-01-11 20:00:00,11.2,HP1
PM1,2022-01-11 21:00:00,9.3,HP1
PM1,2022-01-11 22:00:00,7.4,HP1
PM1,2022-01-11 23:00:00,7.4,HP1
PM1,2022-01-12 00:00:00,7,HP1
PM1,2022-01-12 01:00:00,9.5,HP1
PM1,2022-01-12 02:00:00,10.8,HP1
PM1,2022-01-12 03:00:00,11,HP1
PM1,2022-01-12 04:00:00,10.9,HP1
PM1,2022-01-12 05:00:00,12.9,HP1
PM1,2022-01-12 06:00:00,12.3,HP1
PM1,2022-01-12 07:00:00,12.2,HP1
PM1,2022-01-12 08:00:00,11,HP1
PM1,2022-01-12 09:00:00,12.2,HP1
PM1,2022-01-12 10:00:00,14.8,HP1
PM1,2022-01-12 11:00:00,14.9,HP1
PM1,2022-01-12 12:00:00,15.2,HP1
PM1,2022-01-12 13:00:00,13.5,HP1
PM1,2022-01-12 14:00:00,15.7,HP1
PM1,2022-01-12 15:00:00,13.7,HP1
PM1,2022-01-12 16:00:00,15.1,HP1
PM1,2022-01-12 17:00:00,16.3,HP1
PM1,2022-01-12 18:00:00,15.3,HP1
PM1,2022-01-12 19:00:00,17,HP1
PM1,2022-01-12 20:00:00,19.9,HP1
PM1,2022-01-12 21:00:00,23.5,HP1
PM1,2022-01-12 22:00:00,22.3,HP1
PM1,2022-01-12 23:00:00,22.1,HP1
PM1,2022-01-13 00:00:00,19.1,HP1
PM1,2022-01-13 01:00:00,16.5,HP1
PM1,2022-01-13 02:00:00,13.8,HP1
PM1,2022-01-13 03:00:00,12.8,HP1
PM1,2022-01-13 04:00:00,11.4,HP1
PM1,2022-01-13 05:00:00,10.6,HP1
PM1,2022-01-13 06:00:00,10.2,HP1
PM1,2022-01-13 07:00:00,9.7,HP1
PM1,2022-01-13 08:00:00,10.2,HP1
PM1,2022-01-13 09:00:00,10.8,HP1
PM1,2022-01-13 10:00:00,13.6,HP1
PM1,2022-01-13 11:00:00,15.6,HP1
PM1,2022-01-13 12:00:00,11.3,HP1
PM1,2022-01-13 13:00:00,9.4,HP1
PM1,2022-01-13 14:00:00,9.1,HP1
PM1,2022-01-13 15:00:00,12.4,HP1
PM1,2022-01-13 16:00:00,12.3,HP1
PM1,2022-01-13 17:00:00,12.1,HP1
PM1,2022-01-13 18:00:00,9.4,HP1
PM1,2022-01-13 19:00:00,15.4,HP1
PM1,2022-01-13 20:00:00,19.1,HP1
PM1,2022-01-13 21:00:00,22.7,HP1
PM1,2022-01-13 22:00:00,19.6,HP1
PM1,2022-01-13 23:00:00,19.1,HP1
PM1,2022-01-14 00:00:00,16.4,HP1
PM1,2022-01-14 01:00:00,16.1,HP1
PM1,2022-01-14 02:00:00,15.5,HP1
PM1,2022-01-14 03:00:00,15,HP1
PM1,2022-01-14 04:00:00,13.8,HP1
PM1,2022-01-14 05:00:00,13.7,HP1
PM1,2022-01-14 06:00:00,15,HP1
PM1,2022-01-14 07:00:00,14.6,HP1
PM1,2022-01-14 08:00:00,13.7,HP1
PM1,2022-01-14 09:00:00,15.1,HP1
PM1,2022-01-14 10:00:00,20.5,HP1
PM1,2022-01-14 11:00:00,23.5,HP1
PM1,2022-01-14 12:00:00,23.8,HP1
PM1,2022-01-14 13:00:00,20.1,HP1
PM1,2022-01-14 14:00:00,19.8,HP1
PM1,2022-01-14 15:00:00,27.5,HP1
PM1,2022-01-14 16:00:00,26.8,HP1
PM1,2022-01-14 17:00:00,27,HP1
PM1,2022-01-14 18:00:00,29.4,HP1
PM1,2022-01-14 19:00:00,32.8,HP1
PM1,2022-01-14 20:00:00,40.9,HP1
PM1,2022-01-14 21:00:00,36.7,HP1
PM1,2022-01-14 22:00:00,33.5,HP1
PM1,2022-01-14 23:00:00,28.4,HP1
PM1,2022-01-15 00:00:00,25,HP1
PM1,2022-01-15 01:00:00,24.2,HP1
PM1,2022-01-15 02:00:00,26.1,HP1
PM1,2022-01-15 03:00:00,19.9,HP1
PM1,2022-01-15 04:00:00,15.1,HP1
PM1,2022-01-15 05:00:00,14.7,HP1
PM1,2022-01-15 06:00:00,15.4,HP1
PM1,2022-01-15 07:00:00,17,HP1
PM1,2022-01-15 08:00:00,19.7,HP1
PM1,2022-01-15 09:00:00,21.5,HP1
PM1,2022-01-15 10:00:00,24.4,HP1
PM1,2022-01-15 11:00:00,25.1,HP1
PM1,2022-01-15 12:00:00,26.7,HP1
PM1,2022-01-15 13:00:00,25.2,HP1
PM1,2022-01-15 14:00:00,25,HP1
PM1,2022-01-15 15:00:00,27.1,HP1
PM1,2022-01-15 16:00:00,26.8,HP1
PM1,2022-01-15 17:00:00,26.5,HP1
PM1,2022-01-15 18:00:00,34.2,HP1
PM1,2022-01-15 19:00:00,29,HP1
PM1,2022-01-15 20:00:00,38.1,HP1
PM1,2022-01-15 21:00:00,33.5,HP1
PM1,2022-01-15 22:00:00,37.6,HP1
PM1,2022-01-15 23:00:00,35.1,HP1
PM1,2022-01-16 00:00:00,22.3,HP1
PM1,2022-01-16 01:00:00,16.3,HP1
PM1,2022-01-16 02:00:00,15.3,HP1
PM1,2022-01-16 03:00:00,16.3,HP1
PM1,2022-01-16 04:00:00,15.8,HP1
PM1,2022-01-16 05:00:00,14.8,HP1
PM1,2022-01-16 06:00:00,12.4,HP1
PM1,2022-01-16 07:00:00,12.8,HP1
PM1,2022-01-16 08:00:00,12.5,HP1
PM1,2022-01-16 09:00:00,12.1,HP1
PM1,2022-01-16 10:00:00,12.3,HP1
PM1,2022-01-16 11:00:00,12.2,HP1
PM1,2022-01-16 12:00:00,11.3,HP1
PM1,2022-01-16 13:00:00,13.1,HP1
PM1,2022-01-16 14:00:00,13.4,HP1
PM1,2022-01-16 15:00:00,13.8,HP1
PM1,2022-01-16 16:00:00,10.6,HP1
PM1,2022-01-16 17:00:00,18.9,HP1
PM1,2022-01-16 18:00:00,18.8,HP1
PM1,2022-01-16 19:00:00,19.2,HP1
PM1,2022-01-16 20:00:00,9.7,HP1
PM1,2022-01-16 21:00:00,12.1,HP1
PM1,2022-01-16 22:00:00,5.8,HP1
PM1,2022-01-16 23:00:00,5.9,HP1
PM1,2022-01-17 00:00:00,6.4,HP1
PM1,2022-01-17 01:00:00,6.3,HP1
PM1,2022-01-17 02:00:00,5,HP1
PM1,2022-01-17 03:00:00,4.2,HP1
PM1,2022-01-17 04:00:00,3.8,HP1
PM1,2022-01-17 05:00:00,3.8,HP1
PM1,2022-01-17 06:00:00,4.2,HP1
PM1,2022-01-17 07:00:00,4.8,HP1
PM1,2022-01-17 08:00:00,5.7,HP1
PM1,2022-01-17 09:00:00,5.8,HP1
PM1,2022-01-17 10:00:00,6.3,HP1
PM1,2022-01-17 11:00:00,7,HP1
PM1,2022-01-17 12:00:00,8.4,HP1
PM1,2022-01-17 13:00:00,9.1,HP1
PM1,2022-01-17 14:00:00,10.5,HP1
PM1,2022-01-17 15:00:00,10.9,HP1
PM1,2022-01-17 16:00:00,12.2,HP1
PM1,2022-01-17 17:00:00,12.3,HP1
PM1,2022-01-17 18:00:00,17.6,HP1
PM1,2022-01-17 19:00:00,24.7,HP1
PM1,2022-01-17 20:00:00,28.4,HP1
PM1,2022-01-17 21:00:00,29.4,HP1
PM1,2022-01-17 22:00:00,27.1,HP1
PM1,2022-01-17 23:00:00,25.8,HP1
PM1,2022-01-18 00:00:00,25.9,HP1
PM1,2022-01-18 01:00:00,20.3,HP1
PM1,2022-01-18 02:00:00,19.1,HP1
PM1,2022-01-18 03:00:00,14.9,HP1
PM1,2022-01-18 04:00:00,12.6,HP1
PM1,2022-01-18 05:00:00,10.9,HP1
PM1,2022-01-18 06:00:00,9.8,HP1
PM1,2022-01-18 07:00:00,9.5,HP1
PM1,2022-01-18 08:00:00,10.8,HP1
PM1,2022-01-18 09:00:00,12.7,HP1
PM1,2022-01-18 10:00:00,13.1,HP1
PM1,2022-01-18 11:00:00,11.9,HP1
PM1,2022-01-18 12:00:00,11.9,HP1
PM1,2022-01-18 13:00:00,13.2,HP1
PM1,2022-01-18 14:00:00,10.7,HP1
PM1,2022-01-18 15:00:00,10.9,HP1
PM1,2022-01-18 16:00:00,12.2,HP1
PM1,2022-01-18 17:00:00,14.7,HP1
PM1,2022-01-18 18:00:00,21.5,HP1
PM1,2022-01-18 19:00:00,32,HP1
PM1,2022-01-18 20:00:00,42.2,HP1
PM1,2022-01-18 21:00:00,23.9,HP1
PM1,2022-01-18 22:00:00,24.2,HP1
PM1,2022-01-18 23:00:00,21.9,HP1
PM1,2022-01-19 00:00:00,19.6,HP1
PM1,2022-01-19 01:00:00,18.8,HP1
PM1,2022-01-19 02:00:00,16.1,HP1
PM1,2022-01-19 03:00:00,12.2,HP1
PM1,2022-01-19 04:00:00,12.2,HP1
PM1,2022-01-19 05:00:00,10.6,HP1
PM1,2022-01-19 06:00:00,7.7,HP1
PM1,2022-01-19 07:00:00,7.6,HP1
PM1,2022-01-19 08:00:00,8.5,HP1
PM1,2022-01-19 09:00:00,9.3,HP1
PM1,2022-01-19 10:00:00,9.3,HP1
PM1,2022-01-19 11:00:00,9.2,HP1
PM1,2022-01-19 12:00:00,6.2,HP1
PM1,2022-01-19 13:00:00,5.6,HP1
PM1,2022-01-19 14:00:00,6.5,HP1
PM1,2022-01-19 15:00:00,3.8,HP1
PM1,2022-01-19 16:00:00,2.7,HP1
PM1,2022-01-19 17:00:00,3,HP1
PM1,2022-01-19 18:00:00,4.5,HP1
PM1,2022-01-19 19:00:00,4.8,HP1
PM1,2022-01-19 20:00:00,4.3,HP1
PM1,2022-01-19 21:00:00,4.6,HP1
PM1,2022-01-19 22:00:00,5.2,HP1
PM1,2022-01-19 23:00:00,5.6,HP1
PM1,2022-01-20 00:00:00,6,HP1
PM1,2022-01-20 01:00:00,6,HP1
PM1,2022-01-20 02:00:00,5.7,HP1
PM1,2022-01-20 03:00:00,4.9,HP1
PM1,2022-01-20 04:00:00,4.8,HP1
PM1,2022-01-20 05:00:00,4.1,HP1
PM1,2022-01-20 06:00:00,4.7,HP1
PM1,2022-01-20 07:00:00,3.8,HP1
PM1,2022-01-20 08:00:00,3.6,HP1
PM1,2022-01-20 09:00:00,4.4,HP1
PM1,2022-01-20 10:00:00,4.3,HP1
PM1,2022-01-20 11:00:00,3.6,HP1
PM1,2022-01-20 12:00:00,3.2,HP1
PM1,2022-01-20 13:00:00,2.6,HP1
PM1,2022-01-20 14:00:00,2.7,HP1
PM1,2022-01-20 15:00:00,2.9,HP1
PM1,2022-01-20 16:00:00,3.6,HP1
PM1,2022-01-20 17:00:00,3.4,HP1
PM1,2022-01-20 18:00:00,3.9,HP1
PM1,2022-01-20 19:00:00,4.5,HP1
PM1,2022-01-20 20:00:00,4.5,HP1
PM1,2022-01-20 21:00:00,5.4,HP1
PM1,2022-01-20 22:00:00,5,HP1
PM1,2022-01-20 23:00:00,5.3,HP1
PM1,2022-01-21 00:00:00,5.2,HP1
PM1,2022-01-21 01:00:00,4.8,HP1
PM1,2022-01-21 02:00:00,4.7,HP1
PM1,2022-01-21 03:00:00,5.3,HP1
PM1,2022-01-21 04:00:00,5.9,HP1
PM1,2022-01-21 05:00:00,6.1,HP1
PM1,2022-01-21 06:00:00,6.3,HP1
PM1,2022-01-21 07:00:00,7.2,HP1
PM1,2022-01-21 08:00:00,8.6,HP1
PM1,2022-01-21 09:00:00,10.7,HP1
PM1,2022-01-21 10:00:00,12.5,HP1
PM1,2022-01-21 11:00:00,14.1,HP1
PM1,2022-01-21 12:00:00,12.9,HP1
PM1,2022-01-21 13:00:00,10.9,HP1
PM1,2022-01-21 14:00:00,8.2,HP1
PM1,2022-01-21 15:00:00,7,HP1
PM1,2022-01-21 16:00:00,7.3,HP1
PM1,2022-01-21 17:00:00,8.6,HP1
PM1,2022-01-21 18:00:00,10,HP1
PM1,2022-01-21 19:00:00,12.5,HP1
PM1,2022-01-21 20:00:00,14.1,HP1
PM1,2022-01-21 21:00:00,14,HP1
PM1,2022-01-21 22:00:00,12.5,HP1
PM1,2022-01-21 23:00:00,12.3,HP1
PM1,2022-01-22 00:00:00,12.3,HP1
PM1,2022-01-22 01:00:00,11.7,HP1
PM1,2022-01-22 02:00:00,10.5,HP1
PM1,2022-01-22 03:00:00,9.6,HP1
PM1,2022-01-22 04:00:00,8.6,HP1
PM1,2022-01-22 05:00:00,8.4,HP1
PM1,2022-01-22 06:00:00,8.7,HP1
PM1,2022-01-22 07:00:00,9.1,HP1
PM1,2022-01-22 08:00:00,10.6,HP1
PM1,2022-01-22 09:00:00,11.9,HP1
PM1,2022-01-22 10:00:00,13.6,HP1
PM1,2022-01-22 11:00:00,13.4,HP1
PM1,2022-01-22 12:00:00,10.2,HP1
PM1,2022-01-22 13:00:00,10.9,HP1
PM1,2022-01-22 14:00:00,14.2,HP1
PM1,2022-01-22 15:00:00,14.3,HP1
PM1,2022-01-22 16:00:00,13.8,HP1
PM1,2022-01-22 17:00:00,13.6,HP1
PM1,2022-01-22 18:00:00,16.1,HP1
PM1,2022-01-22 19:00:00,19.1,HP1
PM1,2022-01-22 20:00:00,21,HP1
PM1,2022-01-22 21:00:00,20.8,HP1
PM1,2022-01-22 22:00:00,18.5,HP1
PM1,2022-01-22 23:00:00,17.1,HP1
PM1,2022-01-23 00:00:00,12.8,HP1
PM1,2022-01-23 01:00:00,11.6,HP1
PM1,2022-01-23 02:00:00,11.8,HP1
PM1,2022-01-23 03:00:00,12.1,HP1
PM1,2022-01-23 04:00:00,12.4,HP1
PM1,2022-01-23 05:00:00,12.3,HP1
PM1,2022-01-23 06:00:00,13.1,HP1
PM1,2022-01-23 07:00:00,15.5,HP1
PM1,2022-01-23 08:00:00,16.9,HP1
PM1,2022-01-23 09:00:00,16.4,HP1
PM1,2022-01-23 10:00:00,15.2,HP1
PM1,2022-01-23 11:00:00,15.9,HP1
PM1,2022-01-23 12:00:00,13.9,HP1
PM1,2022-01-23 13:00:00,14.1,HP1
PM1,2022-01-23 14:00:00,13.8,HP1
PM1,2022-01-23 15:00:00,16.1,HP1
PM1,2022-01-23 16:00:00,18.1,HP1
PM1,2022-01-23 17:00:00,15.2,HP1
PM1,2022-01-23 18:00:00,17.2,HP1
PM1,2022-01-23 19:00:00,17.7,HP1
PM1,2022-01-23 20:00:00,15.9,HP1
PM1,2022-01-23 21:00:00,16.4,HP1
PM1,2022-01-23 22:00:00,15.8,HP1
PM1,2022-01-23 23:00:00,16,HP1
PM1,2022-01-24 00:00:00,15.9,HP1
PM1,2022-01-24 01:00:00,16.3,HP1
PM1,2022-01-24 02:00:00,16.6,HP1
PM1,2022-01-24 03:00:00,16.8,HP1
PM1,2022-01-24 04:00:00,17.7,HP1
PM1,2022-01-24 05:00:00,18.2,HP1
PM1,2022-01-24 06:00:00,18.3,HP1
PM1,2022-01-24 07:00:00,18.4,HP1
PM1,2022-01-24 08:00:00,17.4,HP1
PM1,2022-01-24 09:00:00,16.1,HP1
PM1,2022-01-24 10:00:00,16.4,HP1
PM1,2022-01-24 11:00:00,17,HP1
PM1,2022-01-24 12:00:00,18.4,HP1
PM1,2022-01-24 13:00:00,19.3,HP1
PM1,2022-01-24 14:00:00,21.4,HP1
PM1,2022-01-24 15:00:00,21.4,HP1
PM1,2022-01-24 16:00:00,22.5,HP1
PM1,2022-01-24 17:00:00,23.7,HP1
PM1,2022-01-24 18:00:00,24.2,HP1
PM1,2022-01-24 19:00:00,24.5,HP1
PM1,2022-01-24 20:00:00,23.9,HP1
PM1,2022-01-24 21:00:00,21.6,HP1
PM1,2022-01-24 22:00:00,21.5,HP1
PM1,2022-01-24 23:00:00,20.7,HP1
PM1,2022-01-25 00:00:00,22.3,HP1
PM1,2022-01-25 01:00:00,24.6,HP1
PM1,2022-01-25 02:00:00,24.4,HP1
PM1,2022-01-25 03:00:00,24.2,HP1
PM1,2022-01-25 04:00:00,22.8,HP1
PM1,2022-01-25 05:00:00,22.4,HP1
PM1,2022-01-25 06:00:00,23.4,HP1
PM1,2022-01-25 07:00:00,22.4,HP1
PM1,2022-01-25 08:00:00,22.6,HP1
PM1,2022-01-25 09:00:00,23.4,HP1
PM1,2022-01-25 10:00:00,23.5,HP1
PM1,2022-01-25 11:00:00,23.6,HP1
PM1,2022-01-25 12:00:00,26.4,HP1
PM1,2022-01-25 13:00:00,29.3,HP1
PM1,2022-01-25 14:00:00,25.4,HP1
PM1,2022-01-25 15:00:00,24,HP1
PM1,2022-01-25 16:00:00,18.7,HP1
PM1,2022-01-25 17:00:00,18.9,HP1
PM1,2022-01-25 18:00:00,26.1,HP1
PM1,2022-01-25 19:00:00,19.7,HP1
PM1,2022-01-25 20:00:00,17.5,HP1
PM1,2022-01-25 21:00:00,17.7,HP1
PM1,2022-01-25 22:00:00,19.7,HP1
PM1,2022-01-25 23:00:00,22.8,HP1
PM1,2022-01-26 00:00:00,20.5,HP1
PM1,2022-01-26 01:00:00,21.7,HP1
PM1,2022-01-26 02:00:00,24.6,HP1
PM1,2022-01-26 03:00:00,25,HP1
PM1,2022-01-26 04:00:00,23.8,HP1
PM1,2022-01-26 05:00:00,22.9,HP1
PM1,2022-01-26 06:00:00,21.3,HP1
PM1,2022-01-26 07:00:00,18.7,HP1
PM1,2022-01-26 08:00:00,16.5,HP1
PM1,2022-01-26 09:00:00,16.2,HP1
PM1,2022-01-26 10:00:00,17.9,HP1
PM1,2022-01-26 11:00:00,15.5,HP1
PM1,2022-01-26 12:00:00,13.8,HP1
PM1,2022-01-26 13:00:00,10.1,HP1
PM1,2022-01-26 14:00:00,8,HP1
PM1,2022-01-26 15:00:00,11.6,HP1
PM1,2022-01-26 16:00:00,14.3,HP1
PM1,2022-01-26 17:00:00,15.2,HP1
PM1,2022-01-26 18:00:00,14.8,HP1
PM1,2022-01-26 19:00:00,13.9,HP1
PM1,2022-01-26 20:00:00,14.5,HP1
PM1,2022-01-26 21:00:00,14.6,HP1
PM1,2022-01-26 22:00:00,13.9,HP1
PM1,2022-01-26 23:00:00,12.2,HP1
PM1,2022-01-27 00:00:00,11.5,HP1
PM1,2022-01-27 01:00:00,11.5,HP1
PM1,2022-01-27 02:00:00,10.1,HP1
PM1,2022-01-27 03:00:00,8.3,HP1
PM1,2022-01-27 04:00:00,6.7,HP1
PM1,2022-01-27 05:00:00,5.5,HP1
PM1,2022-01-27 06:00:00,5.1,HP1
PM1,2022-01-27 07:00:00,4.9,HP1
PM1,2022-01-27 08:00:00,4.6,HP1
PM1,2022-01-27 09:00:00,4.5,HP1
PM1,2022-01-27 10:00:00,4.3,HP1
PM1,2022-01-27 11:00:00,4.5,HP1
PM1,2022-01-27 12:00:00,3.4,HP1
PM1,2022-01-27 13:00:00,3.2,HP1
PM1,2022-01-27 14:00:00,3.2,HP1
PM1,2022-01-27 15:00:00,2.1,HP1
PM1,2022-01-27 16:00:00,2,HP1
PM1,2022-01-27 17:00:00,2.7,HP1
PM1,2022-01-27 18:00:00,3,HP1
PM1,2022-01-27 19:00:00,4.1,HP1
PM1,2022-01-27 20:00:00,8.4,HP1
PM1,2022-01-27 21:00:00,6.3,HP1
PM1,2022-01-27 22:00:00,6.8,HP1
PM1,2022-01-27 23:00:00,7.4,HP1
PM1,2022-01-28 00:00:00,7.2,HP1
PM1,2022-01-28 01:00:00,6.5,HP1
PM1,2022-01-28 02:00:00,5.8,HP1
PM1,2022-01-28 03:00:00,5.4,HP1
PM1,2022-01-28 04:00:00,5.8,HP1
PM1,2022-01-28 05:00:00,6,HP1
PM1,2022-01-28 06:00:00,6.4,HP1
PM1,2022-01-28 07:00:00,6.6,HP1
PM1,2022-01-28 08:00:00,7.1,HP1
PM1,2022-01-28 09:00:00,5.7,HP1
PM1,2022-01-28 10:00:00,10.4,HP1
PM1,2022-01-28 11:00:00,6.2,HP1
PM1,2022-01-28 12:00:00,4,HP1
PM1,2022-01-28 13:00:00,3.9,HP1
PM1,2022-01-28 14:00:00,5.4,HP1
PM1,2022-01-28 15:00:00,5.3,HP1
PM1,2022-01-28 16:00:00,4.8,HP1
PM1,2022-01-28 17:00:00,6.7,HP1
PM1,2022-01-28 18:00:00,5.8,HP1
PM1,2022-01-28 19:00:00,4.1,HP1
PM1,2022-01-28 20:00:00,4.3,HP1
PM1,2022-01-28 21:00:00,4.7,HP1
PM1,2022-01-28 22:00:00,4.7,HP1
PM1,2022-01-28 23:00:00,4,HP1
PM1,2022-01-29 00:00:00,2.8,HP1
PM1,2022-01-29 01:00:00,1.9,HP1
PM1,2022-01-29 02:00:00,1.3,HP1
PM1,2022-01-29 03:00:00,0.6,HP1
PM1,2022-01-29 04:00:00,0.7,HP1
PM1,2022-01-29 05:00:00,0.7,HP1
PM1,2022-01-29 06:00:00,0.7,HP1
PM1,2022-01-29 07:00:00,0.5,HP1
PM1,2022-01-29 08:00:00,0.4,HP1
PM1,2022-01-29 09:00:00,0.5,HP1
PM1,2022-01-29 10:00:00,0.8,HP1
PM1,2022-01-29 11:00:00,0.9,HP1
PM1,2022-01-29 12:00:00,0.9,HP1
PM1,2022-01-29 13:00:00,1.4,HP1
PM1,2022-01-29 14:00:00,1.6,HP1
PM1,2022-01-29 15:00:00,1.8,HP1
PM1,2022-01-29 16:00:00,2.2,HP1
PM1,2022-01-29 17:00:00,3.9,HP1
PM1,2022-01-29 18:00:00,5.1,HP1
PM1,2022-01-29 19:00:00,5.7,HP1
PM1,2022-01-29 20:00:00,5.3,HP1
PM1,2022-01-29 21:00:00,5.6,HP1
PM1,2022-01-29 22:00:00,6.1,HP1
PM1,2022-01-29 23:00:00,4.3,HP1
PM1,2022-01-30 00:00:00,4.5,HP1
PM1,2022-01-30 01:00:00,5.7,HP1
PM1,2022-01-30 02:00:00,5.3,HP1
PM1,2022-01-30 03:00:00,4.8,HP1
PM1,2022-01-30 04:00:00,4.6,HP1
PM1,2022-01-30 05:00:00,4.5,HP1
PM1,2022-01-30 06:00:00,4.7,HP1
PM1,2022-01-30 07:00:00,5,HP1
PM1,2022-01-30 08:00:00,5.6,HP1
PM1,2022-01-30 09:00:00,5.7,HP1
PM1,2022-01-30 10:00:00,6.1,HP1
PM1,2022-01-30 11:00:00,6.8,HP1
PM1,2022-01-30 12:00:00,6.1,HP1
PM1,2022-01-30 13:00:00,5.9,HP1
PM1,2022-01-30 14:00:00,5.4,HP1
PM1,2022-01-30 15:00:00,5.1,HP1
PM1,2022-01-30 16:00:00,4.3,HP1
PM1,2022-01-30 17:00:00,5.2,HP1
PM1,2022-01-30 18:00:00,6.6,HP1
PM1,2022-01-30 19:00:00,5.7,HP1
PM1,2022-01-30 20:00:00,5.2,HP1
PM1,2022-01-30 21:00:00,5,HP1
PM1,2022-01-30 22:00:00,3.9,HP1
PM1,2022-01-30 23:00:00,2.6,HP1
PM10,2022-01-01 00:00:00,18.5,HP1
PM10,2022-01-01 01:00:00,16.4,HP1
PM10,2022-01-01 02:00:00,13.9,HP1
PM10,2022-01-01 03:00:00,12.5,HP1
PM10,2022-01-01 04:00:00,10.7,HP1
PM10,2022-01-01 05:00:00,9.5,HP1
PM10,2022-01-01 06:00:00,9.9,HP1
PM10,2022-01-01 07:00:00,9,HP1
PM10,2022-01-01 08:00:00,9.3,HP1
PM10,2022-01-01 09:00:00,10.1,HP1
PM10,2022-01-01 10:00:00,10.7,HP1
PM10,2022-01-01 11:00:00,14.9,HP1
PM10,2022-01-01 12:00:00,17.9,HP1
PM10,2022-01-01 13:00:00,18.5,HP1
PM10,2022-01-01 14:00:00,19,HP1
PM10,2022-01-01 15:00:00,19.4,HP1
PM10,2022-01-01 16:00:00,21.4,HP1
PM10,2022-01-01 17:00:00,17,HP1
PM10,2022-01-01 18:00:00,19.9,HP1
PM10,2022-01-01 19:00:00,25.3,HP1
PM10,2022-01-01 20:00:00,23.1,HP1
PM10,2022-01-01 21:00:00,22.3,HP1
PM10,2022-01-01 22:00:00,21.4,HP1
PM10,2022-01-01 23:00:00,14.3,HP1
PM10,2022-01-02 00:00:00,4.7,HP1
PM10,2022-01-02 01:00:00,5.5,HP1
PM10,2022-01-02 02:00:00,6.5,HP1
PM10,2022-01-02 03:00:00,4.7,HP1
PM10,2022-01-02 04:00:00,3.1,HP1
PM10,2022-01-02 05:00:00,5.1,HP1
PM10,2022-01-02 06:00:00,2.9,HP1
PM10,2022-01-02 07:00:00,3.2,HP1
PM10,2022-01-02 08:00:00,3.9,HP1
PM10,2022-01-02 09:00:00,3.9,HP1
PM10,2022-01-02 10:00:00,3.6,HP1
PM10,2022-01-02 11:00:00,3.6,HP1
PM10,2022-01-02 12:00:00,4,HP1
PM10,2022-01-02 13:00:00,5.8,HP1
PM10,2022-01-02 14:00:00,7,HP1
PM10,2022-01-02 15:00:00,4,HP1
PM10,2022-01-02 16:00:00,4.9,HP1
PM10,2022-01-02 17:00:00,6.2,HP1
PM10,2022-01-02 18:00:00,6.9,HP1
PM10,2022-01-02 19:00:00,6.8,HP1
PM10,2022-01-02 20:00:00,7.2,HP1
PM10,2022-01-02 21:00:00,9.1,HP1
PM10,2022-01-02 22:00:00,13.9,HP1
PM10,2022-01-02 23:00:00,16.1,HP1
PM10,2022-01-03 00:00:00,16.8,HP1
PM10,2022-01-03 01:00:00,16.4,HP1
PM10,2022-01-03 02:00:00,15.4,HP1
PM10,2022-01-03 03:00:00,14.9,HP1
PM10,2022-01-03 04:00:00,14.1,HP1
PM10,2022-01-03 05:00:00,15.6,HP1
PM10,2022-01-03 06:00:00,16.3,HP1
PM10,2022-01-03 07:00:00,18.6,HP1
PM10,2022-01-03 08:00:00,18.5,HP1
PM10,2022-01-03 09:00:00,11.7,HP1
PM10,2022-01-03 10:00:00,7.5,HP1
PM10,2022-01-03 11:00:00,8.6,HP1
PM10,2022-01-03 12:00:00,11.1,HP1
PM10,2022-01-03 13:00:00,11.3,HP1
PM10,2022-01-03 14:00:00,10.2,HP1
PM10,2022-01-03 15:00:00,11.2,HP1
PM10,2022-01-03 16:00:00,14.6,HP1
PM10,2022-01-03 17:00:00,13.7,HP1
PM10,2022-01-03 18:00:00,14.7,HP1
PM10,2022-01-03 19:00:00,14.3,HP1
PM10,2022-01-03 20:00:00,13.9,HP1
PM10,2022-01-03 21:00:00,13.9,HP1
PM10,2022-01-03 22:00:00,12.6,HP1
PM10,2022-01-03 23:00:00,11.8,HP1
PM10,2022-01-04 00:00:00,11.8,HP1
PM10,2022-01-04 01:00:00,11.9,HP1
PM10,2022-01-04 02:00:00,11.9,HP1
PM10,2022-01-04 03:00:00,11.5,HP1
PM10,2022-01-04 04:00:00,11.2,HP1
PM10,2022-01-04 05:00:00,11.8,HP1
PM10,2022-01-04 06:00:00,11.6,HP1
PM10,2022-01-04 07:00:00,12.2,HP1
PM10,2022-01-04 08:00:00,12.9,HP1
PM10,2022-01-04 09:00:00,8.6,HP1
PM10,2022-01-04 10:00:00,1.9,HP1
PM10,2022-01-04 11:00:00,1.9,HP1
PM10,2022-01-04 12:00:00,3.9,HP1
PM10,2022-01-04 13:00:00,4.4,HP1
PM10,2022-01-04 14:00:00,5.1,HP1
PM10,2022-01-04 15:00:00,6.3,HP1
PM10,2022-01-04 16:00:00,6.4,HP1
PM10,2022-01-04 17:00:00,12,HP1
PM10,2022-01-04 18:00:00,11.9,HP1
PM10,2022-01-04 19:00:00,13.6,HP1
PM10,2022-01-04 20:00:00,15.1,HP1
PM10,2022-01-04 21:00:00,13,HP1
PM10,2022-01-04 22:00:00,9.2,HP1
PM10,2022-01-04 23:00:00,6.7,HP1
PM10,2022-01-05 00:00:00,7.5,HP1
PM10,2022-01-05 01:00:00,7.7,HP1
PM10,2022-01-05 02:00:00,7.5,HP1
PM10,2022-01-05 03:00:00,6.4,HP1
PM10,2022-01-05 04:00:00,7.2,HP1
PM10,2022-01-05 05:00:00,8.5,HP1
PM10,2022-01-05 06:00:00,8.2,HP1
PM10,2022-01-05 07:00:00,8.8,HP1
PM10,2022-01-05 08:00:00,10.2,HP1
PM10,2022-01-05 09:00:00,10.5,HP1
PM10,2022-01-05 10:00:00,11.1,HP1
PM10,2022-01-05 11:00:00,13.6,HP1
PM10,2022-01-05 12:00:00,15,HP1
PM10,2022-01-05 13:00:00,13,HP1
PM10,2022-01-05 14:00:00,10.3,HP1
PM10,2022-01-05 15:00:00,9.6,HP1
PM10,2022-01-05 16:00:00,10.5,HP1
PM10,2022-01-05 17:00:00,12.1,HP1
PM10,2022-01-05 18:00:00,15.1,HP1
PM10,2022-01-05 19:00:00,18,HP1
PM10,2022-01-05 20:00:00,19.5,HP1
PM10,2022-01-05 21:00:00,20.5,HP1
PM10,2022-01-05 22:00:00,19.4,HP1
PM10,2022-01-05 23:00:00,19.5,HP1
PM10,2022-01-06 00:00:00,18.5,HP1
PM10,2022-01-06 01:00:00,19.4,HP1
PM10,2022-01-06 02:00:00,17.2,HP1
PM10,2022-01-06 03:00:00,14.6,HP1
PM10,2022-01-06 04:00:00,14.7,HP1
PM10,2022-01-06 05:00:00,14,HP1
PM10,2022-01-06 06:00:00,13.1,HP1
PM10,2022-01-06 07:00:00,13.7,HP1
PM10,2022-01-06 08:00:00,15.8,HP1
PM10,2022-01-06 09:00:00,17.3,HP1
PM10,2022-01-06 10:00:00,12.4,HP1
PM10,2022-01-06 11:00:00,11.5,HP1
PM10,2022-01-06 12:00:00,12.7,HP1
PM10,2022-01-06 13:00:00,12.4,HP1
PM10,2022-01-06 14:00:00,9.5,HP1
PM10,2022-01-06 15:00:00,9.1,HP1
PM10,2022-01-06 16:00:00,10.2,HP1
PM10,2022-01-06 17:00:00,11.3,HP1
PM10,2022-01-06 18:00:00,10.5,HP1
PM10,2022-01-06 19:00:00,5.5,HP1
PM10,2022-01-06 20:00:00,2.8,HP1
PM10,2022-01-06 21:00:00,2.2,HP1
PM10,2022-01-06 22:00:00,4.1,HP1
PM10,2022-01-06 23:00:00,6.4,HP1
PM10,2022-01-07 00:00:00,4.8,HP1
PM10,2022-01-07 01:00:00,4.3,HP1
PM10,2022-01-07 02:00:00,7.9,HP1
PM10,2022-01-07 03:00:00,9.5,HP1
PM10,2022-01-07 04:00:00,8.6,HP1
PM10,2022-01-07 05:00:00,5.9,HP1
PM10,2022-01-07 06:00:00,4.6,HP1
PM10,2022-01-07 07:00:00,4.8,HP1
PM10,2022-01-07 08:00:00,4.5,HP1
PM10,2022-01-07 09:00:00,7.4,HP1
PM10,2022-01-07 10:00:00,4.8,HP1
PM10,2022-01-07 11:00:00,6.3,HP1
PM10,2022-01-07 12:00:00,9,HP1
PM10,2022-01-07 13:00:00,9.3,HP1
PM10,2022-01-07 14:00:00,8.8,HP1
PM10,2022-01-07 15:00:00,9.8,HP1
PM10,2022-01-07 16:00:00,6.2,HP1
PM10,2022-01-07 17:00:00,2.9,HP1
PM10,2022-01-07 18:00:00,4.2,HP1
PM10,2022-01-07 19:00:00,6.7,HP1
PM10,2022-01-07 20:00:00,8.1,HP1
PM10,2022-01-07 21:00:00,9.2,HP1
PM10,2022-01-07 22:00:00,9.4,HP1
PM10,2022-01-07 23:00:00,8.1,HP1
PM10,2022-01-08 00:00:00,9.3,HP1
PM10,2022-01-08 01:00:00,8.3,HP1
PM10,2022-01-08 02:00:00,7.3,HP1
PM10,2022-01-08 03:00:00,6.5,HP1
PM10,2022-01-08 04:00:00,7.5,HP1
PM10,2022-01-08 05:00:00,7.8,HP1
PM10,2022-01-08 06:00:00,8,HP1
PM10,2022-01-08 07:00:00,8.3,HP1
PM10,2022-01-08 08:00:00,8.2,HP1
PM10,2022-01-08 09:00:00,9.3,HP1
PM10,2022-01-08 10:00:00,7.6,HP1
PM10,2022-01-08 11:00:00,3.9,HP1
PM10,2022-01-08 12:00:00,3,HP1
PM10,2022-01-08 13:00:00,2.5,HP1
PM10,2022-01-08 14:00:00,2.3,HP1
PM10,2022-01-08 15:00:00,4.5,HP1
PM10,2022-01-08 16:00:00,7.9,HP1
PM10,2022-01-08 17:00:00,9.5,HP1
PM10,2022-01-08 18:00:00,10.7,HP1
PM10,2022-01-08 19:00:00,16.9,HP1
PM10,2022-01-08 20:00:00,12.1,HP1
PM10,2022-01-08 21:00:00,7.3,HP1
PM10,2022-01-08 22:00:00,9.5,HP1
PM10,2022-01-08 23:00:00,9.3,HP1
PM10,2022-01-09 00:00:00,8.3,HP1
PM10,2022-01-09 01:00:00,9.1,HP1
PM10,2022-01-09 02:00:00,9.5,HP1
PM10,2022-01-09 03:00:00,9.6,HP1
PM10,2022-01-09 04:00:00,9.8,HP1
PM10,2022-01-09 05:00:00,10.9,HP1
PM10,2022-01-09 06:00:00,11.6,HP1
PM10,2022-01-09 07:00:00,11,HP1
PM10,2022-01-09 08:00:00,11.9,HP1
PM10,2022-01-09 09:00:00,10.9,HP1
PM10,2022-01-09 10:00:00,10.7,HP1
PM10,2022-01-09 11:00:00,10.4,HP1
PM10,2022-01-09 12:00:00,10.8,HP1
PM10,2022-01-09 13:00:00,10.5,HP1
PM10,2022-01-09 14:00:00,10.2,HP1
PM10,2022-01-09 15:00:00,11.6,HP1
PM10,2022-01-09 16:00:00,15.7,HP1
PM10,2022-01-09 17:00:00,18,HP1
PM10,2022-01-09 18:00:00,21.2,HP1
PM10,2022-01-09 19:00:00,21.4,HP1
PM10,2022-01-09 20:00:00,22.5,HP1
PM10,2022-01-09 21:00:00,25.4,HP1
PM10,2022-01-09 22:00:00,20.3,HP1
PM10,2022-01-09 23:00:00,19.8,HP1
PM10,2022-01-10 00:00:00,17.3,HP1
PM10,2022-01-10 01:00:00,16.5,HP1
PM10,2022-01-10 02:00:00,15.4,HP1
PM10,2022-01-10 03:00:00,14.5,HP1
PM10,2022-01-10 04:00:00,12.3,HP1
PM10,2022-01-10 05:00:00,10.9,HP1
PM10,2022-01-10 06:00:00,11.2,HP1
PM10,2022-01-10 07:00:00,11.2,HP1
PM10,2022-01-10 08:00:00,13.9,HP1
PM10,2022-01-10 09:00:00,16,HP1
PM10,2022-01-10 10:00:00,23.5,HP1
PM10,2022-01-10 11:00:00,20.4,HP1
PM10,2022-01-10 12:00:00,17.2,HP1
PM10,2022-01-10 13:00:00,13.7,HP1
PM10,2022-01-10 14:00:00,15.5,HP1
PM10,2022-01-10 15:00:00,15.4,HP1
PM10,2022-01-10 16:00:00,16.8,HP1
PM10,2022-01-10 17:00:00,17.4,HP1
PM10,2022-01-10 18:00:00,17.4,HP1
PM10,2022-01-10 19:00:00,16.7,HP1
PM10,2022-01-10 20:00:00,20,HP1
PM10,2022-01-10 21:00:00,18.4,HP1
PM10,2022-01-10 22:00:00,16.3,HP1
PM10,2022-01-10 23:00:00,17.7,HP1
PM10,2022-01-11 00:00:00,18.2,HP1
PM10,2022-01-11 01:00:00,19.9,HP1
PM10,2022-01-11 02:00:00,19.7,HP1
PM10,2022-01-11 03:00:00,15.8,HP1
PM10,2022-01-11 04:00:00,12.3,HP1
PM10,2022-01-11 05:00:00,9.8,HP1
PM10,2022-01-11 06:00:00,9.7,HP1
PM10,2022-01-11 07:00:00,5.7,HP1
PM10,2022-01-11 08:00:00,5.2,HP1
PM10,2022-01-11 09:00:00,5.1,HP1
PM10,2022-01-11 10:00:00,5.2,HP1
PM10,2022-01-11 11:00:00,7.2,HP1
PM10,2022-01-11 12:00:00,10,HP1
PM10,2022-01-11 13:00:00,9,HP1
PM10,2022-01-11 14:00:00,8.7,HP1
PM10,2022-01-11 15:00:00,9.1,HP1
PM10,2022-01-11 16:00:00,8.7,HP1
PM10,2022-01-11 17:00:00,10.3,HP1
PM10,2022-01-11 18:00:00,7.5,HP1
PM10,2022-01-11 19:00:00,11.3,HP1
PM10,2022-01-11 20:00:00,16.8,HP1
PM10,2022-01-11 21:00:00,16.8,HP1
PM10,2022-01-11 22:00:00,15.4,HP1
PM10,2022-01-11 23:00:00,15.4,HP1
PM10,2022-01-12 00:00:00,15.4,HP1
PM10,2022-01-12 01:00:00,17.6,HP1
PM10,2022-01-12 02:00:00,17.7,HP1
PM10,2022-01-12 03:00:00,17.6,HP1
PM10,2022-01-12 04:00:00,16.7,HP1
PM10,2022-01-12 05:00:00,19.8,HP1
PM10,2022-01-12 06:00:00,18.2,HP1
PM10,2022-01-12 07:00:00,19,HP1
PM10,2022-01-12 08:00:00,16.4,HP1
PM10,2022-01-12 09:00:00,20.2,HP1
PM10,2022-01-12 10:00:00,27.6,HP1
PM10,2022-01-12 11:00:00,30,HP1
PM10,2022-01-12 12:00:00,30.7,HP1
PM10,2022-01-12 13:00:00,27,HP1
PM10,2022-01-12 14:00:00,32.5,HP1
PM10,2022-01-12 15:00:00,28.2,HP1
PM10,2022-01-12 16:00:00,31.4,HP1
PM10,2022-01-12 17:00:00,30.3,HP1
PM10,2022-01-12 18:00:00,25.3,HP1
PM10,2022-01-12 19:00:00,27.9,HP1
PM10,2022-01-12 20:00:00,27.6,HP1
PM10,2022-01-12 21:00:00,31.7,HP1
PM10,2022-01-12 22:00:00,29.6,HP1
PM10,2022-01-12 23:00:00,28.5,HP1
PM10,2022-01-13 00:00:00,24,HP1
PM10,2022-01-13 01:00:00,20.7,HP1
PM10,2022-01-13 02:00:00,17.8,HP1
PM10,2022-01-13 03:00:00,16.2,HP1
PM10,2022-01-13 04:00:00,14.4,HP1
PM10,2022-01-13 05:00:00,13.7,HP1
PM10,2022-01-13 06:00:00,13.6,HP1
PM10,2022-01-13 07:00:00,12.4,HP1
PM10,2022-01-13 08:00:00,13.8,HP1
PM10,2022-01-13 09:00:00,17,HP1
PM10,2022-01-13 10:00:00,21.1,HP1
PM10,2022-01-13 11:00:00,28.8,HP1
PM10,2022-01-13 12:00:00,22.1,HP1
PM10,2022-01-13 13:00:00,18.7,HP1
PM10,2022-01-13 14:00:00,15.6,HP1
PM10,2022-01-13 15:00:00,20,HP1
PM10,2022-01-13 16:00:00,28.2,HP1
PM10,2022-01-13 17:00:00,23.7,HP1
PM10,2022-01-13 18:00:00,13.4,HP1
PM10,2022-01-13 19:00:00,22.1,HP1
PM10,2022-01-13 20:00:00,26.4,HP1
PM10,2022-01-13 21:00:00,30.7,HP1
PM10,2022-01-13 22:00:00,24.6,HP1
PM10,2022-01-13 23:00:00,23.4,HP1
PM10,2022-01-14 00:00:00,19.7,HP1
PM10,2022-01-14 01:00:00,19.6,HP1
PM10,2022-01-14 02:00:00,18.3,HP1
PM10,2022-01-14 03:00:00,17.5,HP1
PM10,2022-01-14 04:00:00,16.6,HP1
PM10,2022-01-14 05:00:00,17.8,HP1
PM10,2022-01-14 06:00:00,18.5,HP1
PM10,2022-01-14 07:00:00,18.1,HP1
PM10,2022-01-14 08:00:00,17.5,HP1
PM10,2022-01-14 09:00:00,22,HP1
PM10,2022-01-14 10:00:00,32.4,HP1
PM10,2022-01-14 11:00:00,33.7,HP1
PM10,2022-01-14 12:00:00,33.6,HP1
PM10,2022-01-14 13:00:00,27.9,HP1
PM10,2022-01-14 14:00:00,28.4,HP1
PM10,2022-01-14 15:00:00,46.6,HP1
PM10,2022-01-14 16:00:00,41.6,HP1
PM10,2022-01-14 17:00:00,41,HP1
PM10,2022-01-14 18:00:00,40.5,HP1
PM10,2022-01-14 19:00:00,42.3,HP1
PM10,2022-01-14 20:00:00,49.9,HP1
PM10,2022-01-14 21:00:00,45.2,HP1
PM10,2022-01-14 22:00:00,41.5,HP1
PM10,2022-01-14 23:00:00,35.5,HP1
PM10,2022-01-15 00:00:00,31.9,HP1
PM10,2022-01-15 01:00:00,29.9,HP1
PM10,2022-01-15 02:00:00,28.6,HP1
PM10,2022-01-15 03:00:00,20.9,HP1
PM10,2022-01-15 04:00:00,15.8,HP1
PM10,2022-01-15 05:00:00,15.2,HP1
PM10,2022-01-15 06:00:00,16,HP1
PM10,2022-01-15 07:00:00,18.1,HP1
PM10,2022-01-15 08:00:00,21.2,HP1
PM10,2022-01-15 09:00:00,23,HP1
PM10,2022-01-15 10:00:00,27.8,HP1
PM10,2022-01-15 11:00:00,28,HP1
PM10,2022-01-15 12:00:00,30.3,HP1
PM10,2022-01-15 13:00:00,27.9,HP1
PM10,2022-01-15 14:00:00,28.1,HP1
PM10,2022-01-15 15:00:00,30.5,HP1
PM10,2022-01-15 16:00:00,30.2,HP1
PM10,2022-01-15 17:00:00,30.2,HP1
PM10,2022-01-15 18:00:00,37.5,HP1
PM10,2022-01-15 19:00:00,32.3,HP1
PM10,2022-01-15 20:00:00,42.7,HP1
PM10,2022-01-15 21:00:00,37.7,HP1
PM10,2022-01-15 22:00:00,41.4,HP1
PM10,2022-01-15 23:00:00,39.1,HP1
PM10,2022-01-16 00:00:00,25.6,HP1
PM10,2022-01-16 01:00:00,19.4,HP1
PM10,2022-01-16 02:00:00,18.8,HP1
PM10,2022-01-16 03:00:00,19.9,HP1
PM10,2022-01-16 04:00:00,18.7,HP1
PM10,2022-01-16 05:00:00,17,HP1
PM10,2022-01-16 06:00:00,14.2,HP1
PM10,2022-01-16 07:00:00,14.7,HP1
PM10,2022-01-16 08:00:00,15,HP1
PM10,2022-01-16 09:00:00,14.8,HP1
PM10,2022-01-16 10:00:00,14.7,HP1
PM10,2022-01-16 11:00:00,14.1,HP1
PM10,2022-01-16 12:00:00,12.8,HP1
PM10,2022-01-16 13:00:00,15,HP1
PM10,2022-01-16 14:00:00,16.8,HP1
PM10,2022-01-16 15:00:00,17,HP1
PM10,2022-01-16 16:00:00,14.1,HP1
PM10,2022-01-16 17:00:00,22.5,HP1
PM10,2022-01-16 18:00:00,22.2,HP1
PM10,2022-01-16 19:00:00,22.6,HP1
PM10,2022-01-16 20:00:00,12,HP1
PM10,2022-01-16 21:00:00,15.4,HP1
PM10,2022-01-16 22:00:00,14.2,HP1
PM10,2022-01-16 23:00:00,16.1,HP1
PM10,2022-01-17 00:00:00,15.6,HP1
PM10,2022-01-17 01:00:00,14.9,HP1
PM10,2022-01-17 02:00:00,13.3,HP1
PM10,2022-01-17 03:00:00,11.9,HP1
PM10,2022-01-17 04:00:00,11.9,HP1
PM10,2022-01-17 05:00:00,11.6,HP1
PM10,2022-01-17 06:00:00,13.5,HP1
PM10,2022-01-17 07:00:00,15.5,HP1
PM10,2022-01-17 08:00:00,16.5,HP1
PM10,2022-01-17 09:00:00,17.6,HP1
PM10,2022-01-17 10:00:00,19,HP1
PM10,2022-01-17 11:00:00,18.6,HP1
PM10,2022-01-17 12:00:00,22.3,HP1
PM10,2022-01-17 13:00:00,24.6,HP1
PM10,2022-01-17 14:00:00,28.8,HP1
PM10,2022-01-17 15:00:00,27.8,HP1
PM10,2022-01-17 16:00:00,35.8,HP1
PM10,2022-01-17 17:00:00,26.5,HP1
PM10,2022-01-17 18:00:00,29.9,HP1
PM10,2022-01-17 19:00:00,35.7,HP1
PM10,2022-01-17 20:00:00,37.9,HP1
PM10,2022-01-17 21:00:00,38.1,HP1
PM10,2022-01-17 22:00:00,35.5,HP1
PM10,2022-01-17 23:00:00,33.6,HP1
PM10,2022-01-18 00:00:00,33.6,HP1
PM10,2022-01-18 01:00:00,26.6,HP1
PM10,2022-01-18 02:00:00,25.1,HP1
PM10,2022-01-18 03:00:00,20.8,HP1
PM10,2022-01-18 04:00:00,17.8,HP1
PM10,2022-01-18 05:00:00,14.5,HP1
PM10,2022-01-18 06:00:00,13.2,HP1
PM10,2022-01-18 07:00:00,12.7,HP1
PM10,2022-01-18 08:00:00,15.7,HP1
PM10,2022-01-18 09:00:00,19.2,HP1
PM10,2022-01-18 10:00:00,28.9,HP1
PM10,2022-01-18 11:00:00,23.9,HP1
PM10,2022-01-18 12:00:00,17.2,HP1
PM10,2022-01-18 13:00:00,19.5,HP1
PM10,2022-01-18 14:00:00,17.4,HP1
PM10,2022-01-18 15:00:00,17.9,HP1
PM10,2022-01-18 16:00:00,19.8,HP1
PM10,2022-01-18 17:00:00,22.1,HP1
PM10,2022-01-18 18:00:00,29.2,HP1
PM10,2022-01-18 19:00:00,41.1,HP1
PM10,2022-01-18 20:00:00,52.5,HP1
PM10,2022-01-18 21:00:00,30.6,HP1
PM10,2022-01-18 22:00:00,31.5,HP1
PM10,2022-01-18 23:00:00,28.2,HP1
PM10,2022-01-19 00:00:00,25.2,HP1
PM10,2022-01-19 01:00:00,23.5,HP1
PM10,2022-01-19 02:00:00,20.2,HP1
PM10,2022-01-19 03:00:00,16.1,HP1
PM10,2022-01-19 04:00:00,16.6,HP1
PM10,2022-01-19 05:00:00,15.2,HP1
PM10,2022-01-19 06:00:00,12.2,HP1
PM10,2022-01-19 07:00:00,12.4,HP1
PM10,2022-01-19 08:00:00,13.1,HP1
PM10,2022-01-19 09:00:00,14.9,HP1
PM10,2022-01-19 10:00:00,15.9,HP1
PM10,2022-01-19 11:00:00,14.8,HP1
PM10,2022-01-19 12:00:00,11.8,HP1
PM10,2022-01-19 13:00:00,9.8,HP1
PM10,2022-01-19 14:00:00,12.7,HP1
PM10,2022-01-19 15:00:00,10.1,HP1
PM10,2022-01-19 16:00:00,11.3,HP1
PM10,2022-01-19 17:00:00,11.2,HP1
PM10,2022-01-19 18:00:00,14.4,HP1
PM10,2022-01-19 19:00:00,14,HP1
PM10,2022-01-19 20:00:00,12.1,HP1
PM10,2022-01-19 21:00:00,13.1,HP1
PM10,2022-01-19 22:00:00,14.4,HP1
PM10,2022-01-19 23:00:00,13.6,HP1
PM10,2022-01-20 00:00:00,14.2,HP1
PM10,2022-01-20 01:00:00,13.5,HP1
PM10,2022-01-20 02:00:00,12.8,HP1
PM10,2022-01-20 03:00:00,10.9,HP1
PM10,2022-01-20 04:00:00,10.4,HP1
PM10,2022-01-20 05:00:00,9.6,HP1
PM10,2022-01-20 06:00:00,9.7,HP1
PM10,2022-01-20 07:00:00,10.7,HP1
PM10,2022-01-20 08:00:00,10.6,HP1
PM10,2022-01-20 09:00:00,13.6,HP1
PM10,2022-01-20 10:00:00,14,HP1
PM10,2022-01-20 11:00:00,14.6,HP1
PM10,2022-01-20 12:00:00,15.5,HP1
PM10,2022-01-20 13:00:00,14,HP1
PM10,2022-01-20 14:00:00,13.1,HP1
PM10,2022-01-20 15:00:00,14.7,HP1
PM10,2022-01-20 16:00:00,15.4,HP1
PM10,2022-01-20 17:00:00,16.6,HP1
PM10,2022-01-20 18:00:00,16.2,HP1
PM10,2022-01-20 19:00:00,17.3,HP1
PM10,2022-01-20 20:00:00,15.9,HP1
PM10,2022-01-20 21:00:00,17.6,HP1
PM10,2022-01-20 22:00:00,15.4,HP1
PM10,2022-01-20 23:00:00,13.4,HP1
PM10,2022-01-21 00:00:00,12.4,HP1
PM10,2022-01-21 01:00:00,10.5,HP1
PM10,2022-01-21 02:00:00,10.4,HP1
PM10,2022-01-21 03:00:00,11.7,HP1
PM10,2022-01-21 04:00:00,11.9,HP1
PM10,2022-01-21 05:00:00,10.7,HP1
PM10,2022-01-21 06:00:00,11.4,HP1
PM10,2022-01-21 07:00:00,14.1,HP1
PM10,2022-01-21 08:00:00,16.8,HP1
PM10,2022-01-21 09:00:00,21.6,HP1
PM10,2022-01-21 10:00:00,26.6,HP1
PM10,2022-01-21 11:00:00,31.4,HP1
PM10,2022-01-21 12:00:00,30.1,HP1
PM10,2022-01-21 13:00:00,27.7,HP1
PM10,2022-01-21 14:00:00,24.2,HP1
PM10,2022-01-21 15:00:00,21.3,HP1
PM10,2022-01-21 16:00:00,18.6,HP1
PM10,2022-01-21 17:00:00,19.3,HP1
PM10,2022-01-21 18:00:00,17.3,HP1
PM10,2022-01-21 19:00:00,19.6,HP1
PM10,2022-01-21 20:00:00,20.7,HP1
PM10,2022-01-21 21:00:00,19.4,HP1
PM10,2022-01-21 22:00:00,17.6,HP1
PM10,2022-01-21 23:00:00,15.8,HP1
PM10,2022-01-22 00:00:00,15.4,HP1
PM10,2022-01-22 01:00:00,14.4,HP1
PM10,2022-01-22 02:00:00,12.8,HP1
PM10,2022-01-22 03:00:00,11.2,HP1
PM10,2022-01-22 04:00:00,10.4,HP1
PM10,2022-01-22 05:00:00,10.4,HP1
PM10,2022-01-22 06:00:00,11.1,HP1
PM10,2022-01-22 07:00:00,11.4,HP1
PM10,2022-01-22 08:00:00,12.7,HP1
PM10,2022-01-22 09:00:00,14.6,HP1
PM10,2022-01-22 10:00:00,16.4,HP1
PM10,2022-01-22 11:00:00,17,HP1
PM10,2022-01-22 12:00:00,15.5,HP1
PM10,2022-01-22 13:00:00,15.6,HP1
PM10,2022-01-22 14:00:00,18.4,HP1
PM10,2022-01-22 15:00:00,19.3,HP1
PM10,2022-01-22 16:00:00,18.5,HP1
PM10,2022-01-22 17:00:00,18.2,HP1
PM10,2022-01-22 18:00:00,20.5,HP1
PM10,2022-01-22 19:00:00,23.2,HP1
PM10,2022-01-22 20:00:00,25.1,HP1
PM10,2022-01-22 21:00:00,24.2,HP1
PM10,2022-01-22 22:00:00,21.2,HP1
PM10,2022-01-22 23:00:00,19.2,HP1
PM10,2022-01-23 00:00:00,14.2,HP1
PM10,2022-01-23 01:00:00,12.4,HP1
PM10,2022-01-23 02:00:00,12.6,HP1
PM10,2022-01-23 03:00:00,13,HP1
PM10,2022-01-23 04:00:00,13,HP1
PM10,2022-01-23 05:00:00,13.3,HP1
PM10,2022-01-23 06:00:00,13.9,HP1
PM10,2022-01-23 07:00:00,16.6,HP1
PM10,2022-01-23 08:00:00,17.8,HP1
PM10,2022-01-23 09:00:00,17.6,HP1
PM10,2022-01-23 10:00:00,16.4,HP1
PM10,2022-01-23 11:00:00,17.5,HP1
PM10,2022-01-23 12:00:00,15.7,HP1
PM10,2022-01-23 13:00:00,16.4,HP1
PM10,2022-01-23 14:00:00,16,HP1
PM10,2022-01-23 15:00:00,18.9,HP1
PM10,2022-01-23 16:00:00,20.9,HP1
PM10,2022-01-23 17:00:00,17.5,HP1
PM10,2022-01-23 18:00:00,20.6,HP1
PM10,2022-01-23 19:00:00,20.9,HP1
PM10,2022-01-23 20:00:00,18.3,HP1
PM10,2022-01-23 21:00:00,19.9,HP1
PM10,2022-01-23 22:00:00,18.7,HP1
PM10,2022-01-23 23:00:00,19.1,HP1
PM10,2022-01-24 00:00:00,18.5,HP1
PM10,2022-01-24 01:00:00,18.5,HP1
PM10,2022-01-24 02:00:00,18.7,HP1
PM10,2022-01-24 03:00:00,19.4,HP1
PM10,2022-01-24 04:00:00,20.2,HP1
PM10,2022-01-24 05:00:00,20.6,HP1
PM10,2022-01-24 06:00:00,20.8,HP1
PM10,2022-01-24 07:00:00,20.8,HP1
PM10,2022-01-24 08:00:00,20.1,HP1
PM10,2022-01-24 09:00:00,17.8,HP1
PM10,2022-01-24 10:00:00,20,HP1
PM10,2022-01-24 11:00:00,20.1,HP1
PM10,2022-01-24 12:00:00,21.9,HP1
PM10,2022-01-24 13:00:00,23.5,HP1
PM10,2022-01-24 14:00:00,26.3,HP1
PM10,2022-01-24 15:00:00,25.3,HP1
PM10,2022-01-24 16:00:00,28.3,HP1
PM10,2022-01-24 17:00:00,30,HP1
PM10,2022-01-24 18:00:00,31.3,HP1
PM10,2022-01-24 19:00:00,29.5,HP1
PM10,2022-01-24 20:00:00,27.6,HP1
PM10,2022-01-24 21:00:00,24.8,HP1
PM10,2022-01-24 22:00:00,24.3,HP1
PM10,2022-01-24 23:00:00,22.7,HP1
PM10,2022-01-25 00:00:00,24.4,HP1
PM10,2022-01-25 01:00:00,26.8,HP1
PM10,2022-01-25 02:00:00,26.8,HP1
PM10,2022-01-25 03:00:00,26.4,HP1
PM10,2022-01-25 04:00:00,24.8,HP1
PM10,2022-01-25 05:00:00,24.7,HP1
PM10,2022-01-25 06:00:00,25,HP1
PM10,2022-01-25 07:00:00,24.6,HP1
PM10,2022-01-25 08:00:00,24.9,HP1
PM10,2022-01-25 09:00:00,27.1,HP1
PM10,2022-01-25 10:00:00,27.3,HP1
PM10,2022-01-25 11:00:00,28.4,HP1
PM10,2022-01-25 12:00:00,31.7,HP1
PM10,2022-01-25 13:00:00,37.2,HP1
PM10,2022-01-25 14:00:00,31,HP1
PM10,2022-01-25 15:00:00,30.8,HP1
PM10,2022-01-25 16:00:00,22.5,HP1
PM10,2022-01-25 17:00:00,23,HP1
PM10,2022-01-25 18:00:00,31.6,HP1
PM10,2022-01-25 19:00:00,22.2,HP1
PM10,2022-01-25 20:00:00,20.6,HP1
PM10,2022-01-25 21:00:00,21.1,HP1
PM10,2022-01-25 22:00:00,23.3,HP1
PM10,2022-01-25 23:00:00,26.1,HP1
PM10,2022-01-26 00:00:00,26.3,HP1
PM10,2022-01-26 01:00:00,27.5,HP1
PM10,2022-01-26 02:00:00,29.5,HP1
PM10,2022-01-26 03:00:00,29,HP1
PM10,2022-01-26 04:00:00,26.9,HP1
PM10,2022-01-26 05:00:00,26.6,HP1
PM10,2022-01-26 06:00:00,25.3,HP1
PM10,2022-01-26 07:00:00,23,HP1
PM10,2022-01-26 08:00:00,21.3,HP1
PM10,2022-01-26 09:00:00,24.1,HP1
PM10,2022-01-26 10:00:00,30.3,HP1
PM10,2022-01-26 11:00:00,30.5,HP1
PM10,2022-01-26 12:00:00,28.5,HP1
PM10,2022-01-26 13:00:00,22.4,HP1
PM10,2022-01-26 14:00:00,19.1,HP1
PM10,2022-01-26 15:00:00,22.6,HP1
PM10,2022-01-26 16:00:00,24.7,HP1
PM10,2022-01-26 17:00:00,24.2,HP1
PM10,2022-01-26 18:00:00,22.5,HP1
PM10,2022-01-26 19:00:00,21.3,HP1
PM10,2022-01-26 20:00:00,21.7,HP1
PM10,2022-01-26 21:00:00,20.5,HP1
PM10,2022-01-26 22:00:00,19.3,HP1
PM10,2022-01-26 23:00:00,17,HP1
PM10,2022-01-27 00:00:00,15.4,HP1
PM10,2022-01-27 01:00:00,15.9,HP1
PM10,2022-01-27 02:00:00,14.7,HP1
PM10,2022-01-27 03:00:00,12,HP1
PM10,2022-01-27 04:00:00,10.7,HP1
PM10,2022-01-27 05:00:00,9.8,HP1
PM10,2022-01-27 06:00:00,9.9,HP1
PM10,2022-01-27 07:00:00,9.7,HP1
PM10,2022-01-27 08:00:00,8.9,HP1
PM10,2022-01-27 09:00:00,10,HP1
PM10,2022-01-27 10:00:00,10.2,HP1
PM10,2022-01-27 11:00:00,10,HP1
PM10,2022-01-27 12:00:00,7.7,HP1
PM10,2022-01-27 13:00:00,6.2,HP1
PM10,2022-01-27 14:00:00,6.9,HP1
PM10,2022-01-27 15:00:00,8.1,HP1
PM10,2022-01-27 16:00:00,9.3,HP1
PM10,2022-01-27 17:00:00,10.3,HP1
PM10,2022-01-27 18:00:00,9.6,HP1
PM10,2022-01-27 19:00:00,10.9,HP1
PM10,2022-01-27 20:00:00,13.6,HP1
PM10,2022-01-27 21:00:00,13.3,HP1
PM10,2022-01-27 22:00:00,12.9,HP1
PM10,2022-01-27 23:00:00,13,HP1
PM10,2022-01-28 00:00:00,12.3,HP1
PM10,2022-01-28 01:00:00,11.2,HP1
PM10,2022-01-28 02:00:00,9.6,HP1
PM10,2022-01-28 03:00:00,8.6,HP1
PM10,2022-01-28 04:00:00,9.2,HP1
PM10,2022-01-28 05:00:00,9.3,HP1
PM10,2022-01-28 06:00:00,9.5,HP1
PM10,2022-01-28 07:00:00,10.1,HP1
PM10,2022-01-28 08:00:00,11.4,HP1
PM10,2022-01-28 09:00:00,12.1,HP1
PM10,2022-01-28 10:00:00,18.9,HP1
PM10,2022-01-28 11:00:00,12.9,HP1
PM10,2022-01-28 12:00:00,13.2,HP1
PM10,2022-01-28 13:00:00,11.7,HP1
PM10,2022-01-28 14:00:00,12.4,HP1
PM10,2022-01-28 15:00:00,11.7,HP1
PM10,2022-01-28 16:00:00,10.5,HP1
PM10,2022-01-28 17:00:00,12,HP1
PM10,2022-01-28 18:00:00,9.8,HP1
PM10,2022-01-28 19:00:00,6.3,HP1
PM10,2022-01-28 20:00:00,6,HP1
PM10,2022-01-28 21:00:00,6.2,HP1
PM10,2022-01-28 22:00:00,5.8,HP1
PM10,2022-01-28 23:00:00,4.7,HP1
PM10,2022-01-29 00:00:00,3.4,HP1
PM10,2022-01-29 01:00:00,2.5,HP1
PM10,2022-01-29 02:00:00,1.9,HP1
PM10,2022-01-29 03:00:00,1.6,HP1
PM10,2022-01-29 04:00:00,1.2,HP1
PM10,2022-01-29 05:00:00,1.7,HP1
PM10,2022-01-29 06:00:00,1.3,HP1
PM10,2022-01-29 07:00:00,1.2,HP1
PM10,2022-01-29 08:00:00,1.4,HP1
PM10,2022-01-29 09:00:00,1.9,HP1
PM10,2022-01-29 10:00:00,2.3,HP1
PM10,2022-01-29 11:00:00,3.5,HP1
PM10,2022-01-29 12:00:00,4.6,HP1
PM10,2022-01-29 13:00:00,5,HP1
PM10,2022-01-29 14:00:00,5.2,HP1
PM10,2022-01-29 15:00:00,5.4,HP1
PM10,2022-01-29 16:00:00,5.8,HP1
PM10,2022-01-29 17:00:00,12.4,HP1
PM10,2022-01-29 18:00:00,17.9,HP1
PM10,2022-01-29 19:00:00,19.3,HP1
PM10,2022-01-29 20:00:00,15.5,HP1
PM10,2022-01-29 21:00:00,17,HP1
PM10,2022-01-29 22:00:00,16.8,HP1
PM10,2022-01-29 23:00:00,14,HP1
PM10,2022-01-30 00:00:00,14.5,HP1
PM10,2022-01-30 01:00:00,15.3,HP1
PM10,2022-01-30 02:00:00,14.1,HP1
PM10,2022-01-30 03:00:00,13.2,HP1
PM10,2022-01-30 04:00:00,12.9,HP1
PM10,2022-01-30 05:00:00,12.9,HP1
PM10,2022-01-30 06:00:00,12.1,HP1
PM10,2022-01-30 07:00:00,11.2,HP1
PM10,2022-01-30 08:00:00,12.9,HP1
PM10,2022-01-30 09:00:00,14,HP1
PM10,2022-01-30 10:00:00,14.7,HP1
PM10,2022-01-30 11:00:00,16.8,HP1
PM10,2022-01-30 12:00:00,16.9,HP1
PM10,2022-01-30 13:00:00,17.3,HP1
PM10,2022-01-30 14:00:00,15.3,HP1
PM10,2022-01-30 15:00:00,15.3,HP1
PM10,2022-01-30 16:00:00,13.2,HP1
PM10,2022-01-30 17:00:00,15.4,HP1
PM10,2022-01-30 18:00:00,17,HP1
PM10,2022-01-30 19:00:00,14.1,HP1
PM10,2022-01-30 20:00:00,13.3,HP1
PM10,2022-01-30 21:00:00,12.4,HP1
PM10,2022-01-30 22:00:00,9,HP1
PM10,2022-01-30 23:00:00,5.4,HP1
PM25,2022-01-01 00:00:00,15.2,HP1
PM25,2022-01-01 01:00:00,12.7,HP1
PM25,2022-01-01 02:00:00,11.1,HP1
PM25,2022-01-01 03:00:00,9.7,HP1
PM25,2022-01-01 04:00:00,7.5,HP1
PM25,2022-01-01 05:00:00,6.5,HP1
PM25,2022-01-01 06:00:00,7.1,HP1
PM25,2022-01-01 07:00:00,6.1,HP1
PM25,2022-01-01 08:00:00,5.9,HP1
PM25,2022-01-01 09:00:00,5.9,HP1
PM25,2022-01-01 10:00:00,6.4,HP1
PM25,2022-01-01 11:00:00,7.5,HP1
PM25,2022-01-01 12:00:00,8.8,HP1
PM25,2022-01-01 13:00:00,9.5,HP1
PM25,2022-01-01 14:00:00,10,HP1
PM25,2022-01-01 15:00:00,10.6,HP1
PM25,2022-01-01 16:00:00,11.6,HP1
PM25,2022-01-01 17:00:00,10.3,HP1
PM25,2022-01-01 18:00:00,11.7,HP1
PM25,2022-01-01 19:00:00,13.7,HP1
PM25,2022-01-01 20:00:00,12.7,HP1
PM25,2022-01-01 21:00:00,12.6,HP1
PM25,2022-01-01 22:00:00,12.3,HP1
PM25,2022-01-01 23:00:00,8.9,HP1
PM25,2022-01-02 00:00:00,3.3,HP1
PM25,2022-01-02 01:00:00,3.8,HP1
PM25,2022-01-02 02:00:00,4.4,HP1
PM25,2022-01-02 03:00:00,3.3,HP1
PM25,2022-01-02 04:00:00,1.9,HP1
PM25,2022-01-02 05:00:00,3.2,HP1
PM25,2022-01-02 06:00:00,1.7,HP1
PM25,2022-01-02 07:00:00,1.6,HP1
PM25,2022-01-02 08:00:00,2,HP1
PM25,2022-01-02 09:00:00,2,HP1
PM25,2022-01-02 10:00:00,2,HP1
PM25,2022-01-02 11:00:00,2,HP1
PM25,2022-01-02 12:00:00,2.1,HP1
PM25,2022-01-02 13:00:00,3.1,HP1
PM25,2022-01-02 14:00:00,4,HP1
PM25,2022-01-02 15:00:00,2.7,HP1
PM25,2022-01-02 16:00:00,2.5,HP1
PM25,2022-01-02 17:00:00,3.3,HP1
PM25,2022-01-02 18:00:00,3.7,HP1
PM25,2022-01-02 19:00:00,3.8,HP1
PM25,2022-01-02 20:00:00,3.7,HP1
PM25,2022-01-02 21:00:00,4.7,HP1
PM25,2022-01-02 22:00:00,7,HP1
PM25,2022-01-02 23:00:00,8.4,HP1
PM25,2022-01-03 00:00:00,8.5,HP1
PM25,2022-01-03 01:00:00,8.5,HP1
PM25,2022-01-03 02:00:00,8.3,HP1
PM25,2022-01-03 03:00:00,8,HP1
PM25,2022-01-03 04:00:00,7.5,HP1
PM25,2022-01-03 05:00:00,7.5,HP1
PM25,2022-01-03 06:00:00,8.3,HP1
PM25,2022-01-03 07:00:00,9.6,HP1
PM25,2022-01-03 08:00:00,9.7,HP1
PM25,2022-01-03 09:00:00,6.1,HP1
PM25,2022-01-03 10:00:00,3.7,HP1
PM25,2022-01-03 11:00:00,4,HP1
PM25,2022-01-03 12:00:00,5.1,HP1
PM25,2022-01-03 13:00:00,5.2,HP1
PM25,2022-01-03 14:00:00,4.9,HP1
PM25,2022-01-03 15:00:00,5.7,HP1
PM25,2022-01-03 16:00:00,7.6,HP1
PM25,2022-01-03 17:00:00,8,HP1
PM25,2022-01-03 18:00:00,8.6,HP1
PM25,2022-01-03 19:00:00,8.2,HP1
PM25,2022-01-03 20:00:00,8.4,HP1
PM25,2022-01-03 21:00:00,7.9,HP1
PM25,2022-01-03 22:00:00,6.9,HP1
PM25,2022-01-03 23:00:00,6.5,HP1
PM25,2022-01-04 00:00:00,6.3,HP1
PM25,2022-01-04 01:00:00,6.2,HP1
PM25,2022-01-04 02:00:00,6.2,HP1
PM25,2022-01-04 03:00:00,6.3,HP1
PM25,2022-01-04 04:00:00,5.9,HP1
PM25,2022-01-04 05:00:00,6.3,HP1
PM25,2022-01-04 06:00:00,6.1,HP1
PM25,2022-01-04 07:00:00,6.4,HP1
PM25,2022-01-04 08:00:00,6.8,HP1
PM25,2022-01-04 09:00:00,5.3,HP1
PM25,2022-01-04 10:00:00,1.3,HP1
PM25,2022-01-04 11:00:00,1.2,HP1
PM25,2022-01-04 12:00:00,2.6,HP1
PM25,2022-01-04 13:00:00,2.6,HP1
PM25,2022-01-04 14:00:00,2.8,HP1
PM25,2022-01-04 15:00:00,3.2,HP1
PM25,2022-01-04 16:00:00,3.6,HP1
PM25,2022-01-04 17:00:00,7.7,HP1
PM25,2022-01-04 18:00:00,6.5,HP1
PM25,2022-01-04 19:00:00,7.8,HP1
PM25,2022-01-04 20:00:00,8.5,HP1
PM25,2022-01-04 21:00:00,7.4,HP1
PM25,2022-01-04 22:00:00,5.6,HP1
PM25,2022-01-04 23:00:00,4,HP1
PM25,2022-01-05 00:00:00,4.2,HP1
PM25,2022-01-05 01:00:00,4.2,HP1
PM25,2022-01-05 02:00:00,4,HP1
PM25,2022-01-05 03:00:00,3.7,HP1
PM25,2022-01-05 04:00:00,4.1,HP1
PM25,2022-01-05 05:00:00,4.5,HP1
PM25,2022-01-05 06:00:00,4.6,HP1
PM25,2022-01-05 07:00:00,4.8,HP1
PM25,2022-01-05 08:00:00,5.2,HP1
PM25,2022-01-05 09:00:00,5.6,HP1
PM25,2022-01-05 10:00:00,5.7,HP1
PM25,2022-01-05 11:00:00,6.2,HP1
PM25,2022-01-05 12:00:00,6.2,HP1
PM25,2022-01-05 13:00:00,5.5,HP1
PM25,2022-01-05 14:00:00,4.9,HP1
PM25,2022-01-05 15:00:00,4.8,HP1
PM25,2022-01-05 16:00:00,5.5,HP1
PM25,2022-01-05 17:00:00,6.9,HP1
PM25,2022-01-05 18:00:00,9.3,HP1
PM25,2022-01-05 19:00:00,11.5,HP1
PM25,2022-01-05 20:00:00,13.5,HP1
PM25,2022-01-05 21:00:00,14.8,HP1
PM25,2022-01-05 22:00:00,14.5,HP1
PM25,2022-01-05 23:00:00,14.3,HP1
PM25,2022-01-06 00:00:00,14,HP1
PM25,2022-01-06 01:00:00,12.8,HP1
PM25,2022-01-06 02:00:00,11.3,HP1
PM25,2022-01-06 03:00:00,10.9,HP1
PM25,2022-01-06 04:00:00,11,HP1
PM25,2022-01-06 05:00:00,10.5,HP1
PM25,2022-01-06 06:00:00,10.2,HP1
PM25,2022-01-06 07:00:00,11.1,HP1
PM25,2022-01-06 08:00:00,12.3,HP1
PM25,2022-01-06 09:00:00,11.5,HP1
PM25,2022-01-06 10:00:00,7.8,HP1
PM25,2022-01-06 11:00:00,6.5,HP1
PM25,2022-01-06 12:00:00,7.2,HP1
PM25,2022-01-06 13:00:00,8.1,HP1
PM25,2022-01-06 14:00:00,5.9,HP1
PM25,2022-01-06 15:00:00,5,HP1
PM25,2022-01-06 16:00:00,5,HP1
PM25,2022-01-06 17:00:00,5.2,HP1
PM25,2022-01-06 18:00:00,5.2,HP1
PM25,2022-01-06 19:00:00,3.8,HP1
PM25,2022-01-06 20:00:00,2.2,HP1
PM25,2022-01-06 21:00:00,1.6,HP1
PM25,2022-01-06 22:00:00,2.8,HP1
PM25,2022-01-06 23:00:00,4.2,HP1
PM25,2022-01-07 00:00:00,2.8,HP1
PM25,2022-01-07 01:00:00,2.3,HP1
PM25,2022-01-07 02:00:00,3.6,HP1
PM25,2022-01-07 03:00:00,4.7,HP1
PM25,2022-01-07 04:00:00,4.4,HP1
PM25,2022-01-07 05:00:00,3.2,HP1
PM25,2022-01-07 06:00:00,2.3,HP1
PM25,2022-01-07 07:00:00,2.4,HP1
PM25,2022-01-07 08:00:00,2.3,HP1
PM25,2022-01-07 09:00:00,3.2,HP1
PM25,2022-01-07 10:00:00,2.5,HP1
PM25,2022-01-07 11:00:00,3,HP1
PM25,2022-01-07 12:00:00,3.8,HP1
PM25,2022-01-07 13:00:00,4.1,HP1
PM25,2022-01-07 14:00:00,4.3,HP1
PM25,2022-01-07 15:00:00,4.7,HP1
PM25,2022-01-07 16:00:00,3.4,HP1
PM25,2022-01-07 17:00:00,2.1,HP1
PM25,2022-01-07 18:00:00,3.2,HP1
PM25,2022-01-07 19:00:00,5.5,HP1
PM25,2022-01-07 20:00:00,6.9,HP1
PM25,2022-01-07 21:00:00,7.9,HP1
PM25,2022-01-07 22:00:00,8.2,HP1
PM25,2022-01-07 23:00:00,7.3,HP1
PM25,2022-01-08 00:00:00,8.1,HP1
PM25,2022-01-08 01:00:00,6.6,HP1
PM25,2022-01-08 02:00:00,4.8,HP1
PM25,2022-01-08 03:00:00,4.6,HP1
PM25,2022-01-08 04:00:00,4.8,HP1
PM25,2022-01-08 05:00:00,4.2,HP1
PM25,2022-01-08 06:00:00,4.3,HP1
PM25,2022-01-08 07:00:00,5.4,HP1
PM25,2022-01-08 08:00:00,5.4,HP1
PM25,2022-01-08 09:00:00,6.3,HP1
PM25,2022-01-08 10:00:00,5,HP1
PM25,2022-01-08 11:00:00,2.8,HP1
PM25,2022-01-08 12:00:00,1.8,HP1
PM25,2022-01-08 13:00:00,1.5,HP1
PM25,2022-01-08 14:00:00,1.6,HP1
PM25,2022-01-08 15:00:00,2.7,HP1
PM25,2022-01-08 16:00:00,5.4,HP1
PM25,2022-01-08 17:00:00,6.2,HP1
PM25,2022-01-08 18:00:00,7.2,HP1
PM25,2022-01-08 19:00:00,9.9,HP1
PM25,2022-01-08 20:00:00,7.2,HP1
PM25,2022-01-08 21:00:00,4.5,HP1
PM25,2022-01-08 22:00:00,5.4,HP1
PM25,2022-01-08 23:00:00,4.9,HP1
PM25,2022-01-09 00:00:00,4.8,HP1
PM25,2022-01-09 01:00:00,4.9,HP1
PM25,2022-01-09 02:00:00,4.8,HP1
PM25,2022-01-09 03:00:00,5,HP1
PM25,2022-01-09 04:00:00,4.9,HP1
PM25,2022-01-09 05:00:00,5.2,HP1
PM25,2022-01-09 06:00:00,5.5,HP1
PM25,2022-01-09 07:00:00,5.3,HP1
PM25,2022-01-09 08:00:00,5.5,HP1
PM25,2022-01-09 09:00:00,5.5,HP1
PM25,2022-01-09 10:00:00,5.5,HP1
PM25,2022-01-09 11:00:00,5.2,HP1
PM25,2022-01-09 12:00:00,5.3,HP1
PM25,2022-01-09 13:00:00,5.1,HP1
PM25,2022-01-09 14:00:00,5.5,HP1
PM25,2022-01-09 15:00:00,6.1,HP1
PM25,2022-01-09 16:00:00,10,HP1
PM25,2022-01-09 17:00:00,12.3,HP1
PM25,2022-01-09 18:00:00,14.4,HP1
PM25,2022-01-09 19:00:00,15.6,HP1
PM25,2022-01-09 20:00:00,16.8,HP1
PM25,2022-01-09 21:00:00,20,HP1
PM25,2022-01-09 22:00:00,13.5,HP1
PM25,2022-01-09 23:00:00,15.1,HP1
PM25,2022-01-10 00:00:00,13.9,HP1
PM25,2022-01-10 01:00:00,12.7,HP1
PM25,2022-01-10 02:00:00,12.1,HP1
PM25,2022-01-10 03:00:00,11.4,HP1
PM25,2022-01-10 04:00:00,8.7,HP1
PM25,2022-01-10 05:00:00,8.1,HP1
PM25,2022-01-10 06:00:00,8.2,HP1
PM25,2022-01-10 07:00:00,8.6,HP1
PM25,2022-01-10 08:00:00,9.4,HP1
PM25,2022-01-10 09:00:00,10.4,HP1
PM25,2022-01-10 10:00:00,13.3,HP1
PM25,2022-01-10 11:00:00,12.4,HP1
PM25,2022-01-10 12:00:00,10.3,HP1
PM25,2022-01-10 13:00:00,9,HP1
PM25,2022-01-10 14:00:00,10,HP1
PM25,2022-01-10 15:00:00,10.3,HP1
PM25,2022-01-10 16:00:00,11.4,HP1
PM25,2022-01-10 17:00:00,12.3,HP1
PM25,2022-01-10 18:00:00,12.5,HP1
PM25,2022-01-10 19:00:00,12.3,HP1
PM25,2022-01-10 20:00:00,15.8,HP1
PM25,2022-01-10 21:00:00,15,HP1
PM25,2022-01-10 22:00:00,12.5,HP1
PM25,2022-01-10 23:00:00,14.2,HP1
PM25,2022-01-11 00:00:00,14.2,HP1
PM25,2022-01-11 01:00:00,15.1,HP1
PM25,2022-01-11 02:00:00,14.7,HP1
PM25,2022-01-11 03:00:00,12,HP1
PM25,2022-01-11 04:00:00,9.1,HP1
PM25,2022-01-11 05:00:00,7.4,HP1
PM25,2022-01-11 06:00:00,7.7,HP1
PM25,2022-01-11 07:00:00,4.8,HP1
PM25,2022-01-11 08:00:00,3.7,HP1
PM25,2022-01-11 09:00:00,3.6,HP1
PM25,2022-01-11 10:00:00,3.5,HP1
PM25,2022-01-11 11:00:00,5.5,HP1
PM25,2022-01-11 12:00:00,6.9,HP1
PM25,2022-01-11 13:00:00,7.3,HP1
PM25,2022-01-11 14:00:00,6,HP1
PM25,2022-01-11 15:00:00,6.5,HP1
PM25,2022-01-11 16:00:00,7,HP1
PM25,2022-01-11 17:00:00,7.9,HP1
PM25,2022-01-11 18:00:00,6,HP1
PM25,2022-01-11 19:00:00,9.4,HP1
PM25,2022-01-11 20:00:00,13.1,HP1
PM25,2022-01-11 21:00:00,11.9,HP1
PM25,2022-01-11 22:00:00,10.2,HP1
PM25,2022-01-11 23:00:00,10.1,HP1
PM25,2022-01-12 00:00:00,9.7,HP1
PM25,2022-01-12 01:00:00,12.1,HP1
PM25,2022-01-12 02:00:00,13.1,HP1
PM25,2022-01-12 03:00:00,13.1,HP1
PM25,2022-01-12 04:00:00,12.8,HP1
PM25,2022-01-12 05:00:00,15.1,HP1
PM25,2022-01-12 06:00:00,14.3,HP1
PM25,2022-01-12 07:00:00,14.1,HP1
PM25,2022-01-12 08:00:00,12.6,HP1
PM25,2022-01-12 09:00:00,14.2,HP1
PM25,2022-01-12 10:00:00,17.8,HP1
PM25,2022-01-12 11:00:00,18.4,HP1
PM25,2022-01-12 12:00:00,19.4,HP1
PM25,2022-01-12 13:00:00,17.5,HP1
PM25,2022-01-12 14:00:00,19.8,HP1
PM25,2022-01-12 15:00:00,17.8,HP1
PM25,2022-01-12 16:00:00,19.3,HP1
PM25,2022-01-12 17:00:00,20.1,HP1
PM25,2022-01-12 18:00:00,18.4,HP1
PM25,2022-01-12 19:00:00,20.1,HP1
PM25,2022-01-12 20:00:00,22.2,HP1
PM25,2022-01-12 21:00:00,25.6,HP1
PM25,2022-01-12 22:00:00,24.3,HP1
PM25,2022-01-12 23:00:00,23.6,HP1
PM25,2022-01-13 00:00:00,20.4,HP1
PM25,2022-01-13 01:00:00,17.7,HP1
PM25,2022-01-13 02:00:00,15.1,HP1
PM25,2022-01-13 03:00:00,14,HP1
PM25,2022-01-13 04:00:00,12.4,HP1
PM25,2022-01-13 05:00:00,11.5,HP1
PM25,2022-01-13 06:00:00,11,HP1
PM25,2022-01-13 07:00:00,10.5,HP1
PM25,2022-01-13 08:00:00,11,HP1
PM25,2022-01-13 09:00:00,12.1,HP1
PM25,2022-01-13 10:00:00,15.3,HP1
PM25,2022-01-13 11:00:00,18.2,HP1
PM25,2022-01-13 12:00:00,13.9,HP1
PM25,2022-01-13 13:00:00,11.4,HP1
PM25,2022-01-13 14:00:00,10.5,HP1
PM25,2022-01-13 15:00:00,13.7,HP1
PM25,2022-01-13 16:00:00,15.2,HP1
PM25,2022-01-13 17:00:00,14.3,HP1
PM25,2022-01-13 18:00:00,10.3,HP1
PM25,2022-01-13 19:00:00,16.4,HP1
PM25,2022-01-13 20:00:00,20.1,HP1
PM25,2022-01-13 21:00:00,23.8,HP1
PM25,2022-01-13 22:00:00,20.1,HP1
PM25,2022-01-13 23:00:00,19.7,HP1
PM25,2022-01-14 00:00:00,17.2,HP1
PM25,2022-01-14 01:00:00,16.7,HP1
PM25,2022-01-14 02:00:00,15.9,HP1
PM25,2022-01-14 03:00:00,15.3,HP1
PM25,2022-01-14 04:00:00,14.2,HP1
PM25,2022-01-14 05:00:00,14.5,HP1
PM25,2022-01-14 06:00:00,15.7,HP1
PM25,2022-01-14 07:00:00,15.2,HP1
PM25,2022-01-14 08:00:00,14.4,HP1
PM25,2022-01-14 09:00:00,16.2,HP1
PM25,2022-01-14 10:00:00,22.3,HP1
PM25,2022-01-14 11:00:00,25.2,HP1
PM25,2022-01-14 12:00:00,25.6,HP1
PM25,2022-01-14 13:00:00,21.7,HP1
PM25,2022-01-14 14:00:00,21.4,HP1
PM25,2022-01-14 15:00:00,30.6,HP1
PM25,2022-01-14 16:00:00,29.5,HP1
PM25,2022-01-14 17:00:00,29.5,HP1
PM25,2022-01-14 18:00:00,31.4,HP1
PM25,2022-01-14 19:00:00,34.5,HP1
PM25,2022-01-14 20:00:00,42.3,HP1
PM25,2022-01-14 21:00:00,38.2,HP1
PM25,2022-01-14 22:00:00,34.9,HP1
PM25,2022-01-14 23:00:00,29.8,HP1
PM25,2022-01-15 00:00:00,26.4,HP1
PM25,2022-01-15 01:00:00,25.2,HP1
PM25,2022-01-15 02:00:00,26,HP1
PM25,2022-01-15 03:00:00,19.4,HP1
PM25,2022-01-15 04:00:00,14.7,HP1
PM25,2022-01-15 05:00:00,14.2,HP1
PM25,2022-01-15 06:00:00,15,HP1
PM25,2022-01-15 07:00:00,16.8,HP1
PM25,2022-01-15 08:00:00,19.4,HP1
PM25,2022-01-15 09:00:00,21.2,HP1
PM25,2022-01-15 10:00:00,24.6,HP1
PM25,2022-01-15 11:00:00,25,HP1
PM25,2022-01-15 12:00:00,26.6,HP1
PM25,2022-01-15 13:00:00,24.8,HP1
PM25,2022-01-15 14:00:00,24.8,HP1
PM25,2022-01-15 15:00:00,26.8,HP1
PM25,2022-01-15 16:00:00,26.6,HP1
PM25,2022-01-15 17:00:00,26.3,HP1
PM25,2022-01-15 18:00:00,33.7,HP1
PM25,2022-01-15 19:00:00,28.7,HP1
PM25,2022-01-15 20:00:00,37.8,HP1
PM25,2022-01-15 21:00:00,33.4,HP1
PM25,2022-01-15 22:00:00,37.1,HP1
PM25,2022-01-15 23:00:00,34.7,HP1
PM25,2022-01-16 00:00:00,22.2,HP1
PM25,2022-01-16 01:00:00,16.5,HP1
PM25,2022-01-16 02:00:00,15.8,HP1
PM25,2022-01-16 03:00:00,16.9,HP1
PM25,2022-01-16 04:00:00,16.2,HP1
PM25,2022-01-16 05:00:00,15.1,HP1
PM25,2022-01-16 06:00:00,12.6,HP1
PM25,2022-01-16 07:00:00,13.1,HP1
PM25,2022-01-16 08:00:00,12.9,HP1
PM25,2022-01-16 09:00:00,12.7,HP1
PM25,2022-01-16 10:00:00,12.8,HP1
PM25,2022-01-16 11:00:00,12.5,HP1
PM25,2022-01-16 12:00:00,11.3,HP1
PM25,2022-01-16 13:00:00,13.1,HP1
PM25,2022-01-16 14:00:00,13.7,HP1
PM25,2022-01-16 15:00:00,14.1,HP1
PM25,2022-01-16 16:00:00,11.2,HP1
PM25,2022-01-16 17:00:00,19.2,HP1
PM25,2022-01-16 18:00:00,19.1,HP1
PM25,2022-01-16 19:00:00,19.5,HP1
PM25,2022-01-16 20:00:00,10.2,HP1
PM25,2022-01-16 21:00:00,12.8,HP1
PM25,2022-01-16 22:00:00,8.5,HP1
PM25,2022-01-16 23:00:00,9,HP1
PM25,2022-01-17 00:00:00,9.4,HP1
PM25,2022-01-17 01:00:00,9.1,HP1
PM25,2022-01-17 02:00:00,7.8,HP1
PM25,2022-01-17 03:00:00,6.6,HP1
PM25,2022-01-17 04:00:00,6.3,HP1
PM25,2022-01-17 05:00:00,6.4,HP1
PM25,2022-01-17 06:00:00,7,HP1
PM25,2022-01-17 07:00:00,7.9,HP1
PM25,2022-01-17 08:00:00,8.8,HP1
PM25,2022-01-17 09:00:00,9.2,HP1
PM25,2022-01-17 10:00:00,9.6,HP1
PM25,2022-01-17 11:00:00,10.3,HP1
PM25,2022-01-17 12:00:00,11.9,HP1
PM25,2022-01-17 13:00:00,12.7,HP1
PM25,2022-01-17 14:00:00,14.6,HP1
PM25,2022-01-17 15:00:00,14.9,HP1
PM25,2022-01-17 16:00:00,17,HP1
PM25,2022-01-17 17:00:00,15.8,HP1
PM25,2022-01-17 18:00:00,20.5,HP1
PM25,2022-01-17 19:00:00,27,HP1
PM25,2022-01-17 20:00:00,30.3,HP1
PM25,2022-01-17 21:00:00,31.1,HP1
PM25,2022-01-17 22:00:00,28.6,HP1
PM25,2022-01-17 23:00:00,27.3,HP1
PM25,2022-01-18 00:00:00,27.3,HP1
PM25,2022-01-18 01:00:00,21.6,HP1
PM25,2022-01-18 02:00:00,20.3,HP1
PM25,2022-01-18 03:00:00,16.3,HP1
PM25,2022-01-18 04:00:00,13.9,HP1
PM25,2022-01-18 05:00:00,11.9,HP1
PM25,2022-01-18 06:00:00,10.8,HP1
PM25,2022-01-18 07:00:00,10.5,HP1
PM25,2022-01-18 08:00:00,11.9,HP1
PM25,2022-01-18 09:00:00,14.1,HP1
PM25,2022-01-18 10:00:00,16.1,HP1
PM25,2022-01-18 11:00:00,14.6,HP1
PM25,2022-01-18 12:00:00,13.3,HP1
PM25,2022-01-18 13:00:00,15.2,HP1
PM25,2022-01-18 14:00:00,13.2,HP1
PM25,2022-01-18 15:00:00,13.8,HP1
PM25,2022-01-18 16:00:00,15,HP1
PM25,2022-01-18 17:00:00,17.1,HP1
PM25,2022-01-18 18:00:00,23.7,HP1
PM25,2022-01-18 19:00:00,34.3,HP1
PM25,2022-01-18 20:00:00,45.1,HP1
PM25,2022-01-18 21:00:00,26.1,HP1
PM25,2022-01-18 22:00:00,26.4,HP1
PM25,2022-01-18 23:00:00,24.1,HP1
PM25,2022-01-19 00:00:00,21.6,HP1
PM25,2022-01-19 01:00:00,20.4,HP1
PM25,2022-01-19 02:00:00,17.4,HP1
PM25,2022-01-19 03:00:00,13.7,HP1
PM25,2022-01-19 04:00:00,13.9,HP1
PM25,2022-01-19 05:00:00,12.5,HP1
PM25,2022-01-19 06:00:00,9.6,HP1
PM25,2022-01-19 07:00:00,9.6,HP1
PM25,2022-01-19 08:00:00,10.3,HP1
PM25,2022-01-19 09:00:00,11.1,HP1
PM25,2022-01-19 10:00:00,11,HP1
PM25,2022-01-19 11:00:00,10.6,HP1
PM25,2022-01-19 12:00:00,7.5,HP1
PM25,2022-01-19 13:00:00,6.5,HP1
PM25,2022-01-19 14:00:00,7.8,HP1
PM25,2022-01-19 15:00:00,5.4,HP1
PM25,2022-01-19 16:00:00,5,HP1
PM25,2022-01-19 17:00:00,5.4,HP1
PM25,2022-01-19 18:00:00,7.1,HP1
PM25,2022-01-19 19:00:00,7.3,HP1
PM25,2022-01-19 20:00:00,6.9,HP1
PM25,2022-01-19 21:00:00,7.4,HP1
PM25,2022-01-19 22:00:00,8.2,HP1
PM25,2022-01-19 23:00:00,8.4,HP1
PM25,2022-01-20 00:00:00,8.7,HP1
PM25,2022-01-20 01:00:00,8.5,HP1
PM25,2022-01-20 02:00:00,8.1,HP1
PM25,2022-01-20 03:00:00,7,HP1
PM25,2022-01-20 04:00:00,6.8,HP1
PM25,2022-01-20 05:00:00,6.1,HP1
PM25,2022-01-20 06:00:00,6.5,HP1
PM25,2022-01-20 07:00:00,5.8,HP1
PM25,2022-01-20 08:00:00,5.6,HP1
PM25,2022-01-20 09:00:00,6.7,HP1
PM25,2022-01-20 10:00:00,6.6,HP1
PM25,2022-01-20 11:00:00,6.2,HP1
PM25,2022-01-20 12:00:00,5.9,HP1
PM25,2022-01-20 13:00:00,5,HP1
PM25,2022-01-20 14:00:00,5.3,HP1
PM25,2022-01-20 15:00:00,5.6,HP1
PM25,2022-01-20 16:00:00,6.4,HP1
PM25,2022-01-20 17:00:00,6.3,HP1
PM25,2022-01-20 18:00:00,6.7,HP1
PM25,2022-01-20 19:00:00,7.2,HP1
PM25,2022-01-20 20:00:00,7.1,HP1
PM25,2022-01-20 21:00:00,8.1,HP1
PM25,2022-01-20 22:00:00,7.3,HP1
PM25,2022-01-20 23:00:00,7.1,HP1
PM25,2022-01-21 00:00:00,6.9,HP1
PM25,2022-01-21 01:00:00,6.3,HP1
PM25,2022-01-21 02:00:00,6.1,HP1
PM25,2022-01-21 03:00:00,6.8,HP1
PM25,2022-01-21 04:00:00,7.3,HP1
PM25,2022-01-21 05:00:00,7.4,HP1
PM25,2022-01-21 06:00:00,7.7,HP1
PM25,2022-01-21 07:00:00,8.8,HP1
PM25,2022-01-21 08:00:00,10.3,HP1
PM25,2022-01-21 09:00:00,12.8,HP1
PM25,2022-01-21 10:00:00,15.1,HP1
PM25,2022-01-21 11:00:00,17.1,HP1
PM25,2022-01-21 12:00:00,15.9,HP1
PM25,2022-01-21 13:00:00,14.1,HP1
PM25,2022-01-21 14:00:00,11.4,HP1
PM25,2022-01-21 15:00:00,9.8,HP1
PM25,2022-01-21 16:00:00,9.8,HP1
PM25,2022-01-21 17:00:00,10.8,HP1
PM25,2022-01-21 18:00:00,11.7,HP1
PM25,2022-01-21 19:00:00,14.1,HP1
PM25,2022-01-21 20:00:00,15.4,HP1
PM25,2022-01-21 21:00:00,15,HP1
PM25,2022-01-21 22:00:00,13.2,HP1
PM25,2022-01-21 23:00:00,12.7,HP1
PM25,2022-01-22 00:00:00,12.7,HP1
PM25,2022-01-22 01:00:00,12,HP1
PM25,2022-01-22 02:00:00,10.8,HP1
PM25,2022-01-22 03:00:00,9.7,HP1
PM25,2022-01-22 04:00:00,8.7,HP1
PM25,2022-01-22 05:00:00,8.5,HP1
PM25,2022-01-22 06:00:00,8.8,HP1
PM25,2022-01-22 07:00:00,9.2,HP1
PM25,2022-01-22 08:00:00,10.7,HP1
PM25,2022-01-22 09:00:00,12,HP1
PM25,2022-01-22 10:00:00,13.6,HP1
PM25,2022-01-22 11:00:00,13.4,HP1
PM25,2022-01-22 12:00:00,10.6,HP1
PM25,2022-01-22 13:00:00,11.3,HP1
PM25,2022-01-22 14:00:00,14.4,HP1
PM25,2022-01-22 15:00:00,14.6,HP1
PM25,2022-01-22 16:00:00,14.3,HP1
PM25,2022-01-22 17:00:00,14.2,HP1
PM25,2022-01-22 18:00:00,16.6,HP1
PM25,2022-01-22 19:00:00,19.3,HP1
PM25,2022-01-22 20:00:00,21.2,HP1
PM25,2022-01-22 21:00:00,20.8,HP1
PM25,2022-01-22 22:00:00,18.4,HP1
PM25,2022-01-22 23:00:00,16.9,HP1
PM25,2022-01-23 00:00:00,12.6,HP1
PM25,2022-01-23 01:00:00,11.3,HP1
PM25,2022-01-23 02:00:00,11.5,HP1
PM25,2022-01-23 03:00:00,11.7,HP1
PM25,2022-01-23 04:00:00,12,HP1
PM25,2022-01-23 05:00:00,11.9,HP1
PM25,2022-01-23 06:00:00,12.7,HP1
PM25,2022-01-23 07:00:00,15,HP1
PM25,2022-01-23 08:00:00,16.3,HP1
PM25,2022-01-23 09:00:00,15.9,HP1
PM25,2022-01-23 10:00:00,14.7,HP1
PM25,2022-01-23 11:00:00,15.5,HP1
PM25,2022-01-23 12:00:00,13.6,HP1
PM25,2022-01-23 13:00:00,13.9,HP1
PM25,2022-01-23 14:00:00,13.6,HP1
PM25,2022-01-23 15:00:00,16,HP1
PM25,2022-01-23 16:00:00,18,HP1
PM25,2022-01-23 17:00:00,15.2,HP1
PM25,2022-01-23 18:00:00,17.2,HP1
PM25,2022-01-23 19:00:00,17.7,HP1
PM25,2022-01-23 20:00:00,15.9,HP1
PM25,2022-01-23 21:00:00,16.6,HP1
PM25,2022-01-23 22:00:00,15.9,HP1
PM25,2022-01-23 23:00:00,16.2,HP1
PM25,2022-01-24 00:00:00,15.9,HP1
PM25,2022-01-24 01:00:00,16.2,HP1
PM25,2022-01-24 02:00:00,16.5,HP1
PM25,2022-01-24 03:00:00,16.8,HP1
PM25,2022-01-24 04:00:00,17.7,HP1
PM25,2022-01-24 05:00:00,18.2,HP1
PM25,2022-01-24 06:00:00,18.1,HP1
PM25,2022-01-24 07:00:00,18.2,HP1
PM25,2022-01-24 08:00:00,17.2,HP1
PM25,2022-01-24 09:00:00,15.8,HP1
PM25,2022-01-24 10:00:00,16.2,HP1
PM25,2022-01-24 11:00:00,16.8,HP1
PM25,2022-01-24 12:00:00,18.3,HP1
PM25,2022-01-24 13:00:00,19.2,HP1
PM25,2022-01-24 14:00:00,21.3,HP1
PM25,2022-01-24 15:00:00,21.2,HP1
PM25,2022-01-24 16:00:00,22.6,HP1
PM25,2022-01-24 17:00:00,23.8,HP1
PM25,2022-01-24 18:00:00,24.4,HP1
PM25,2022-01-24 19:00:00,24.4,HP1
PM25,2022-01-24 20:00:00,23.6,HP1
PM25,2022-01-24 21:00:00,21.2,HP1
PM25,2022-01-24 22:00:00,21,HP1
PM25,2022-01-24 23:00:00,20.2,HP1
PM25,2022-01-25 00:00:00,21.8,HP1
PM25,2022-01-25 01:00:00,24.1,HP1
PM25,2022-01-25 02:00:00,23.9,HP1
PM25,2022-01-25 03:00:00,23.7,HP1
PM25,2022-01-25 04:00:00,22.3,HP1
PM25,2022-01-25 05:00:00,22,HP1
PM25,2022-01-25 06:00:00,22.9,HP1
PM25,2022-01-25 07:00:00,22.1,HP1
PM25,2022-01-25 08:00:00,22.2,HP1
PM25,2022-01-25 09:00:00,23.3,HP1
PM25,2022-01-25 10:00:00,23.4,HP1
PM25,2022-01-25 11:00:00,23.7,HP1
PM25,2022-01-25 12:00:00,26.4,HP1
PM25,2022-01-25 13:00:00,29.9,HP1
PM25,2022-01-25 14:00:00,25.7,HP1
PM25,2022-01-25 15:00:00,24.2,HP1
PM25,2022-01-25 16:00:00,18.7,HP1
PM25,2022-01-25 17:00:00,18.9,HP1
PM25,2022-01-25 18:00:00,26.2,HP1
PM25,2022-01-25 19:00:00,19.7,HP1
PM25,2022-01-25 20:00:00,17.8,HP1
PM25,2022-01-25 21:00:00,18.1,HP1
PM25,2022-01-25 22:00:00,20,HP1
PM25,2022-01-25 23:00:00,22.9,HP1
PM25,2022-01-26 00:00:00,21.5,HP1
PM25,2022-01-26 01:00:00,22.6,HP1
PM25,2022-01-26 02:00:00,25.1,HP1
PM25,2022-01-26 03:00:00,25.3,HP1
PM25,2022-01-26 04:00:00,24,HP1
PM25,2022-01-26 05:00:00,23.3,HP1
PM25,2022-01-26 06:00:00,21.8,HP1
PM25,2022-01-26 07:00:00,19.2,HP1
PM25,2022-01-26 08:00:00,17.3,HP1
PM25,2022-01-26 09:00:00,17.4,HP1
PM25,2022-01-26 10:00:00,19.8,HP1
PM25,2022-01-26 11:00:00,17.9,HP1
PM25,2022-01-26 12:00:00,16.5,HP1
PM25,2022-01-26 13:00:00,12.8,HP1
PM25,2022-01-26 14:00:00,10.5,HP1
PM25,2022-01-26 15:00:00,13.9,HP1
PM25,2022-01-26 16:00:00,16.3,HP1
PM25,2022-01-26 17:00:00,17,HP1
PM25,2022-01-26 18:00:00,16.1,HP1
PM25,2022-01-26 19:00:00,15.2,HP1
PM25,2022-01-26 20:00:00,15.8,HP1
PM25,2022-01-26 21:00:00,15.7,HP1
PM25,2022-01-26 22:00:00,14.9,HP1
PM25,2022-01-26 23:00:00,13.1,HP1
PM25,2022-01-27 00:00:00,12.4,HP1
PM25,2022-01-27 01:00:00,12.4,HP1
PM25,2022-01-27 02:00:00,11.1,HP1
PM25,2022-01-27 03:00:00,9.2,HP1
PM25,2022-01-27 04:00:00,7.8,HP1
PM25,2022-01-27 05:00:00,6.7,HP1
PM25,2022-01-27 06:00:00,6.5,HP1
PM25,2022-01-27 07:00:00,6.2,HP1
PM25,2022-01-27 08:00:00,5.7,HP1
PM25,2022-01-27 09:00:00,5.7,HP1
PM25,2022-01-27 10:00:00,5.6,HP1
PM25,2022-01-27 11:00:00,5.7,HP1
PM25,2022-01-27 12:00:00,4.2,HP1
PM25,2022-01-27 13:00:00,3.7,HP1
PM25,2022-01-27 14:00:00,3.9,HP1
PM25,2022-01-27 15:00:00,3.4,HP1
PM25,2022-01-27 16:00:00,3.6,HP1
PM25,2022-01-27 17:00:00,4.3,HP1
PM25,2022-01-27 18:00:00,4.5,HP1
PM25,2022-01-27 19:00:00,5.7,HP1
PM25,2022-01-27 20:00:00,9.7,HP1
PM25,2022-01-27 21:00:00,8,HP1
PM25,2022-01-27 22:00:00,8.4,HP1
PM25,2022-01-27 23:00:00,9,HP1
PM25,2022-01-28 00:00:00,8.7,HP1
PM25,2022-01-28 01:00:00,7.9,HP1
PM25,2022-01-28 02:00:00,7,HP1
PM25,2022-01-28 03:00:00,6.5,HP1
PM25,2022-01-28 04:00:00,6.9,HP1
PM25,2022-01-28 05:00:00,6.9,HP1
PM25,2022-01-28 06:00:00,7.3,HP1
PM25,2022-01-28 07:00:00,7.5,HP1
PM25,2022-01-28 08:00:00,8.1,HP1
PM25,2022-01-28 09:00:00,7.3,HP1
PM25,2022-01-28 10:00:00,12.2,HP1
PM25,2022-01-28 11:00:00,7.7,HP1
PM25,2022-01-28 12:00:00,5.8,HP1
PM25,2022-01-28 13:00:00,5.6,HP1
PM25,2022-01-28 14:00:00,7.2,HP1
PM25,2022-01-28 15:00:00,7,HP1
PM25,2022-01-28 16:00:00,6.3,HP1
PM25,2022-01-28 17:00:00,8.3,HP1
PM25,2022-01-28 18:00:00,7,HP1
PM25,2022-01-28 19:00:00,4.7,HP1
PM25,2022-01-28 20:00:00,4.6,HP1
PM25,2022-01-28 21:00:00,5,HP1
PM25,2022-01-28 22:00:00,4.9,HP1
PM25,2022-01-28 23:00:00,4.1,HP1
PM25,2022-01-29 00:00:00,2.8,HP1
PM25,2022-01-29 01:00:00,2,HP1
PM25,2022-01-29 02:00:00,1.4,HP1
PM25,2022-01-29 03:00:00,0.9,HP1
PM25,2022-01-29 04:00:00,0.9,HP1
PM25,2022-01-29 05:00:00,0.9,HP1
PM25,2022-01-29 06:00:00,0.8,HP1
PM25,2022-01-29 07:00:00,0.7,HP1
PM25,2022-01-29 08:00:00,0.7,HP1
PM25,2022-01-29 09:00:00,0.9,HP1
PM25,2022-01-29 10:00:00,1.2,HP1
PM25,2022-01-29 11:00:00,1.5,HP1
PM25,2022-01-29 12:00:00,1.7,HP1
PM25,2022-01-29 13:00:00,2.3,HP1
PM25,2022-01-29 14:00:00,2.5,HP1
PM25,2022-01-29 15:00:00,2.8,HP1
PM25,2022-01-29 16:00:00,3.2,HP1
PM25,2022-01-29 17:00:00,6.1,HP1
PM25,2022-01-29 18:00:00,8.9,HP1
PM25,2022-01-29 19:00:00,9.9,HP1
PM25,2022-01-29 20:00:00,8.7,HP1
PM25,2022-01-29 21:00:00,9,HP1
PM25,2022-01-29 22:00:00,9.3,HP1
PM25,2022-01-29 23:00:00,7.2,HP1
PM25,2022-01-30 00:00:00,7.4,HP1
PM25,2022-01-30 01:00:00,8.9,HP1
PM25,2022-01-30 02:00:00,8.2,HP1
PM25,2022-01-30 03:00:00,7.6,HP1
PM25,2022-01-30 04:00:00,7.3,HP1
PM25,2022-01-30 05:00:00,7.3,HP1
PM25,2022-01-30 06:00:00,7.2,HP1
PM25,2022-01-30 07:00:00,7.3,HP1
PM25,2022-01-30 08:00:00,7.9,HP1
PM25,2022-01-30 09:00:00,8.3,HP1
PM25,2022-01-30 10:00:00,9,HP1
PM25,2022-01-30 11:00:00,10,HP1
PM25,2022-01-30 12:00:00,9.4,HP1
PM25,2022-01-30 13:00:00,9.2,HP1
PM25,2022-01-30 14:00:00,8.3,HP1
PM25,2022-01-30 15:00:00,8.2,HP1
PM25,2022-01-30 16:00:00,7.2,HP1
PM25,2022-01-30 17:00:00,8.3,HP1
PM25,2022-01-30 18:00:00,9.9,HP1
PM25,2022-01-30 19:00:00,8.7,HP1
PM25,2022-01-30 20:00:00,7.9,HP1
PM25,2022-01-30 21:00:00,8,HP1
PM25,2022-01-30 22:00:00,6,HP1
PM25,2022-01-30 23:00:00,3.7,HP1
TSP,2022-01-01 00:00:00,19.3,HP1
TSP,2022-01-01 01:00:00,17.4,HP1
TSP,2022-01-01 02:00:00,14.3,HP1
TSP,2022-01-01 03:00:00,13.1,HP1
TSP,2022-01-01 04:00:00,11.8,HP1
TSP,2022-01-01 05:00:00,10.3,HP1
TSP,2022-01-01 06:00:00,10.6,HP1
TSP,2022-01-01 07:00:00,9.6,HP1
TSP,2022-01-01 08:00:00,10.2,HP1
TSP,2022-01-01 09:00:00,12.8,HP1
TSP,2022-01-01 10:00:00,12.4,HP1
TSP,2022-01-01 11:00:00,18.8,HP1
TSP,2022-01-01 12:00:00,21.9,HP1
TSP,2022-01-01 13:00:00,21.9,HP1
TSP,2022-01-01 14:00:00,22,HP1
TSP,2022-01-01 15:00:00,22.5,HP1
TSP,2022-01-01 16:00:00,24.6,HP1
TSP,2022-01-01 17:00:00,19.3,HP1
TSP,2022-01-01 18:00:00,22.6,HP1
TSP,2022-01-01 19:00:00,29.9,HP1
TSP,2022-01-01 20:00:00,26.9,HP1
TSP,2022-01-01 21:00:00,27,HP1
TSP,2022-01-01 22:00:00,24.5,HP1
TSP,2022-01-01 23:00:00,16.2,HP1
TSP,2022-01-02 00:00:00,5.2,HP1
TSP,2022-01-02 01:00:00,5.8,HP1
TSP,2022-01-02 02:00:00,7.1,HP1
TSP,2022-01-02 03:00:00,5.1,HP1
TSP,2022-01-02 04:00:00,3.5,HP1
TSP,2022-01-02 05:00:00,5.7,HP1
TSP,2022-01-02 06:00:00,3.3,HP1
TSP,2022-01-02 07:00:00,3.8,HP1
TSP,2022-01-02 08:00:00,4.8,HP1
TSP,2022-01-02 09:00:00,4.5,HP1
TSP,2022-01-02 10:00:00,4.3,HP1
TSP,2022-01-02 11:00:00,4.6,HP1
TSP,2022-01-02 12:00:00,4.7,HP1
TSP,2022-01-02 13:00:00,6.7,HP1
TSP,2022-01-02 14:00:00,8,HP1
TSP,2022-01-02 15:00:00,4.3,HP1
TSP,2022-01-02 16:00:00,5.9,HP1
TSP,2022-01-02 17:00:00,7.7,HP1
TSP,2022-01-02 18:00:00,8,HP1
TSP,2022-01-02 19:00:00,8.3,HP1
TSP,2022-01-02 20:00:00,8.7,HP1
TSP,2022-01-02 21:00:00,11.2,HP1
TSP,2022-01-02 22:00:00,17.1,HP1
TSP,2022-01-02 23:00:00,18.8,HP1
TSP,2022-01-03 00:00:00,20.2,HP1
TSP,2022-01-03 01:00:00,19.5,HP1
TSP,2022-01-03 02:00:00,17.9,HP1
TSP,2022-01-03 03:00:00,16.9,HP1
TSP,2022-01-03 04:00:00,16.3,HP1
TSP,2022-01-03 05:00:00,20,HP1
TSP,2022-01-03 06:00:00,19.2,HP1
TSP,2022-01-03 07:00:00,21.4,HP1
TSP,2022-01-03 08:00:00,21.8,HP1
TSP,2022-01-03 09:00:00,13.5,HP1
TSP,2022-01-03 10:00:00,9.3,HP1
TSP,2022-01-03 11:00:00,11,HP1
TSP,2022-01-03 12:00:00,13.7,HP1
TSP,2022-01-03 13:00:00,14.2,HP1
TSP,2022-01-03 14:00:00,12.6,HP1
TSP,2022-01-03 15:00:00,14.1,HP1
TSP,2022-01-03 16:00:00,18.1,HP1
TSP,2022-01-03 17:00:00,15.6,HP1
TSP,2022-01-03 18:00:00,16.8,HP1
TSP,2022-01-03 19:00:00,16.4,HP1
TSP,2022-01-03 20:00:00,15.5,HP1
TSP,2022-01-03 21:00:00,15.7,HP1
TSP,2022-01-03 22:00:00,14.9,HP1
TSP,2022-01-03 23:00:00,13.7,HP1
TSP,2022-01-04 00:00:00,13.9,HP1
TSP,2022-01-04 01:00:00,13.9,HP1
TSP,2022-01-04 02:00:00,14.1,HP1
TSP,2022-01-04 03:00:00,13.1,HP1
TSP,2022-01-04 04:00:00,13.1,HP1
TSP,2022-01-04 05:00:00,13.7,HP1
TSP,2022-01-04 06:00:00,14.1,HP1
TSP,2022-01-04 07:00:00,14.6,HP1
TSP,2022-01-04 08:00:00,15.3,HP1
TSP,2022-01-04 09:00:00,10.1,HP1
TSP,2022-01-04 10:00:00,2.5,HP1
TSP,2022-01-04 11:00:00,2.3,HP1
TSP,2022-01-04 12:00:00,4.7,HP1
TSP,2022-01-04 13:00:00,5.4,HP1
TSP,2022-01-04 14:00:00,6.7,HP1
TSP,2022-01-04 15:00:00,8.5,HP1
TSP,2022-01-04 16:00:00,8.5,HP1
TSP,2022-01-04 17:00:00,15.1,HP1
TSP,2022-01-04 18:00:00,15.2,HP1
TSP,2022-01-04 19:00:00,18.3,HP1
TSP,2022-01-04 20:00:00,20.2,HP1
TSP,2022-01-04 21:00:00,15.7,HP1
TSP,2022-01-04 22:00:00,11.1,HP1
TSP,2022-01-04 23:00:00,7.7,HP1
TSP,2022-01-05 00:00:00,9.3,HP1
TSP,2022-01-05 01:00:00,9,HP1
TSP,2022-01-05 02:00:00,9.1,HP1
TSP,2022-01-05 03:00:00,7.2,HP1
TSP,2022-01-05 04:00:00,8.1,HP1
TSP,2022-01-05 05:00:00,10.5,HP1
TSP,2022-01-05 06:00:00,9.2,HP1
TSP,2022-01-05 07:00:00,10.6,HP1
TSP,2022-01-05 08:00:00,12.6,HP1
TSP,2022-01-05 09:00:00,13.9,HP1
TSP,2022-01-05 10:00:00,14.8,HP1
TSP,2022-01-05 11:00:00,19.7,HP1
TSP,2022-01-05 12:00:00,22,HP1
TSP,2022-01-05 13:00:00,18.9,HP1
TSP,2022-01-05 14:00:00,13.8,HP1
TSP,2022-01-05 15:00:00,12.7,HP1
TSP,2022-01-05 16:00:00,15,HP1
TSP,2022-01-05 17:00:00,14.9,HP1
TSP,2022-01-05 18:00:00,18.3,HP1
TSP,2022-01-05 19:00:00,21.7,HP1
TSP,2022-01-05 20:00:00,22.8,HP1
TSP,2022-01-05 21:00:00,23.9,HP1
TSP,2022-01-05 22:00:00,22.2,HP1
TSP,2022-01-05 23:00:00,22.1,HP1
TSP,2022-01-06 00:00:00,20.6,HP1
TSP,2022-01-06 01:00:00,23.6,HP1
TSP,2022-01-06 02:00:00,21.4,HP1
TSP,2022-01-06 03:00:00,16.3,HP1
TSP,2022-01-06 04:00:00,16.1,HP1
TSP,2022-01-06 05:00:00,15.2,HP1
TSP,2022-01-06 06:00:00,14.2,HP1
TSP,2022-01-06 07:00:00,14.4,HP1
TSP,2022-01-06 08:00:00,17.3,HP1
TSP,2022-01-06 09:00:00,22.7,HP1
TSP,2022-01-06 10:00:00,14.7,HP1
TSP,2022-01-06 11:00:00,14.8,HP1
TSP,2022-01-06 12:00:00,15.8,HP1
TSP,2022-01-06 13:00:00,15.2,HP1
TSP,2022-01-06 14:00:00,12.1,HP1
TSP,2022-01-06 15:00:00,12.2,HP1
TSP,2022-01-06 16:00:00,14,HP1
TSP,2022-01-06 17:00:00,15.2,HP1
TSP,2022-01-06 18:00:00,12.9,HP1
TSP,2022-01-06 19:00:00,6.2,HP1
TSP,2022-01-06 20:00:00,3,HP1
TSP,2022-01-06 21:00:00,2.8,HP1
TSP,2022-01-06 22:00:00,4.8,HP1
TSP,2022-01-06 23:00:00,7,HP1
TSP,2022-01-07 00:00:00,5.6,HP1
TSP,2022-01-07 01:00:00,5.2,HP1
TSP,2022-01-07 02:00:00,10.3,HP1
TSP,2022-01-07 03:00:00,13.4,HP1
TSP,2022-01-07 04:00:00,10.9,HP1
TSP,2022-01-07 05:00:00,6.9,HP1
TSP,2022-01-07 06:00:00,5.7,HP1
TSP,2022-01-07 07:00:00,5.9,HP1
TSP,2022-01-07 08:00:00,6.2,HP1
TSP,2022-01-07 09:00:00,10,HP1
TSP,2022-01-07 10:00:00,6.1,HP1
TSP,2022-01-07 11:00:00,9.3,HP1
TSP,2022-01-07 12:00:00,13.9,HP1
TSP,2022-01-07 13:00:00,14.3,HP1
TSP,2022-01-07 14:00:00,12,HP1
TSP,2022-01-07 15:00:00,13,HP1
TSP,2022-01-07 16:00:00,8,HP1
TSP,2022-01-07 17:00:00,3.2,HP1
TSP,2022-01-07 18:00:00,4.6,HP1
TSP,2022-01-07 19:00:00,7.1,HP1
TSP,2022-01-07 20:00:00,8.7,HP1
TSP,2022-01-07 21:00:00,9.8,HP1
TSP,2022-01-07 22:00:00,9.6,HP1
TSP,2022-01-07 23:00:00,8.2,HP1
TSP,2022-01-08 00:00:00,10.2,HP1
TSP,2022-01-08 01:00:00,10.1,HP1
TSP,2022-01-08 02:00:00,9,HP1
TSP,2022-01-08 03:00:00,7.4,HP1
TSP,2022-01-08 04:00:00,9.1,HP1
TSP,2022-01-08 05:00:00,10.4,HP1
TSP,2022-01-08 06:00:00,9.8,HP1
TSP,2022-01-08 07:00:00,9,HP1
TSP,2022-01-08 08:00:00,8.9,HP1
TSP,2022-01-08 09:00:00,9.9,HP1
TSP,2022-01-08 10:00:00,8.2,HP1
TSP,2022-01-08 11:00:00,4.1,HP1
TSP,2022-01-08 12:00:00,4.5,HP1
TSP,2022-01-08 13:00:00,3.5,HP1
TSP,2022-01-08 14:00:00,2.6,HP1
TSP,2022-01-08 15:00:00,5.8,HP1
TSP,2022-01-08 16:00:00,9.3,HP1
TSP,2022-01-08 17:00:00,11.6,HP1
TSP,2022-01-08 18:00:00,11.7,HP1
TSP,2022-01-08 19:00:00,20.1,HP1
TSP,2022-01-08 20:00:00,14.6,HP1
TSP,2022-01-08 21:00:00,8.7,HP1
TSP,2022-01-08 22:00:00,12,HP1
TSP,2022-01-08 23:00:00,11.1,HP1
TSP,2022-01-09 00:00:00,9.4,HP1
TSP,2022-01-09 01:00:00,10.6,HP1
TSP,2022-01-09 02:00:00,11.5,HP1
TSP,2022-01-09 03:00:00,11.3,HP1
TSP,2022-01-09 04:00:00,11.7,HP1
TSP,2022-01-09 05:00:00,13.1,HP1
TSP,2022-01-09 06:00:00,14.3,HP1
TSP,2022-01-09 07:00:00,13.5,HP1
TSP,2022-01-09 08:00:00,15.7,HP1
TSP,2022-01-09 09:00:00,13.2,HP1
TSP,2022-01-09 10:00:00,13.4,HP1
TSP,2022-01-09 11:00:00,13.2,HP1
TSP,2022-01-09 12:00:00,13.6,HP1
TSP,2022-01-09 13:00:00,14.7,HP1
TSP,2022-01-09 14:00:00,12.3,HP1
TSP,2022-01-09 15:00:00,14,HP1
TSP,2022-01-09 16:00:00,18.2,HP1
TSP,2022-01-09 17:00:00,20.4,HP1
TSP,2022-01-09 18:00:00,24.4,HP1
TSP,2022-01-09 19:00:00,23.6,HP1
TSP,2022-01-09 20:00:00,24.6,HP1
TSP,2022-01-09 21:00:00,27.5,HP1
TSP,2022-01-09 22:00:00,23.2,HP1
TSP,2022-01-09 23:00:00,22.1,HP1
TSP,2022-01-10 00:00:00,18,HP1
TSP,2022-01-10 01:00:00,17.9,HP1
TSP,2022-01-10 02:00:00,16.6,HP1
TSP,2022-01-10 03:00:00,15.5,HP1
TSP,2022-01-10 04:00:00,13.7,HP1
TSP,2022-01-10 05:00:00,12.3,HP1
TSP,2022-01-10 06:00:00,12.2,HP1
TSP,2022-01-10 07:00:00,12.6,HP1
TSP,2022-01-10 08:00:00,16.6,HP1
TSP,2022-01-10 09:00:00,19.8,HP1
TSP,2022-01-10 10:00:00,30.3,HP1
TSP,2022-01-10 11:00:00,25.7,HP1
TSP,2022-01-10 12:00:00,22.8,HP1
TSP,2022-01-10 13:00:00,15.4,HP1
TSP,2022-01-10 14:00:00,18.8,HP1
TSP,2022-01-10 15:00:00,17.7,HP1
TSP,2022-01-10 16:00:00,18.5,HP1
TSP,2022-01-10 17:00:00,19.1,HP1
TSP,2022-01-10 18:00:00,19.4,HP1
TSP,2022-01-10 19:00:00,18.2,HP1
TSP,2022-01-10 20:00:00,21.1,HP1
TSP,2022-01-10 21:00:00,19.3,HP1
TSP,2022-01-10 22:00:00,17.5,HP1
TSP,2022-01-10 23:00:00,18.4,HP1
TSP,2022-01-11 00:00:00,19.6,HP1
TSP,2022-01-11 01:00:00,21.5,HP1
TSP,2022-01-11 02:00:00,21.8,HP1
TSP,2022-01-11 03:00:00,16.7,HP1
TSP,2022-01-11 04:00:00,13.3,HP1
TSP,2022-01-11 05:00:00,10.6,HP1
TSP,2022-01-11 06:00:00,10.1,HP1
TSP,2022-01-11 07:00:00,6.4,HP1
TSP,2022-01-11 08:00:00,6.4,HP1
TSP,2022-01-11 09:00:00,6.5,HP1
TSP,2022-01-11 10:00:00,7,HP1
TSP,2022-01-11 11:00:00,8.4,HP1
TSP,2022-01-11 12:00:00,12.7,HP1
TSP,2022-01-11 13:00:00,10.3,HP1
TSP,2022-01-11 14:00:00,10.9,HP1
TSP,2022-01-11 15:00:00,11,HP1
TSP,2022-01-11 16:00:00,10.1,HP1
TSP,2022-01-11 17:00:00,11.8,HP1
TSP,2022-01-11 18:00:00,7.9,HP1
TSP,2022-01-11 19:00:00,12.2,HP1
TSP,2022-01-11 20:00:00,17.9,HP1
TSP,2022-01-11 21:00:00,19,HP1
TSP,2022-01-11 22:00:00,17.8,HP1
TSP,2022-01-11 23:00:00,17.9,HP1
TSP,2022-01-12 00:00:00,17.7,HP1
TSP,2022-01-12 01:00:00,20.1,HP1
TSP,2022-01-12 02:00:00,19.4,HP1
TSP,2022-01-12 03:00:00,19.2,HP1
TSP,2022-01-12 04:00:00,17.7,HP1
TSP,2022-01-12 05:00:00,22.1,HP1
TSP,2022-01-12 06:00:00,19.3,HP1
TSP,2022-01-12 07:00:00,21.1,HP1
TSP,2022-01-12 08:00:00,17.9,HP1
TSP,2022-01-12 09:00:00,23.2,HP1
TSP,2022-01-12 10:00:00,33.9,HP1
TSP,2022-01-12 11:00:00,38.1,HP1
TSP,2022-01-12 12:00:00,37.3,HP1
TSP,2022-01-12 13:00:00,32.9,HP1
TSP,2022-01-12 14:00:00,42.7,HP1
TSP,2022-01-12 15:00:00,35.6,HP1
TSP,2022-01-12 16:00:00,39.4,HP1
TSP,2022-01-12 17:00:00,36.4,HP1
TSP,2022-01-12 18:00:00,28.5,HP1
TSP,2022-01-12 19:00:00,32.1,HP1
TSP,2022-01-12 20:00:00,30.3,HP1
TSP,2022-01-12 21:00:00,33.6,HP1
TSP,2022-01-12 22:00:00,32.4,HP1
TSP,2022-01-12 23:00:00,30.5,HP1
TSP,2022-01-13 00:00:00,24.9,HP1
TSP,2022-01-13 01:00:00,21.3,HP1
TSP,2022-01-13 02:00:00,18.4,HP1
TSP,2022-01-13 03:00:00,16.5,HP1
TSP,2022-01-13 04:00:00,14.6,HP1
TSP,2022-01-13 05:00:00,14.3,HP1
TSP,2022-01-13 06:00:00,14.6,HP1
TSP,2022-01-13 07:00:00,12.7,HP1
TSP,2022-01-13 08:00:00,14.7,HP1
TSP,2022-01-13 09:00:00,20.8,HP1
TSP,2022-01-13 10:00:00,24.8,HP1
TSP,2022-01-13 11:00:00,37.1,HP1
TSP,2022-01-13 12:00:00,28.1,HP1
TSP,2022-01-13 13:00:00,25.6,HP1
TSP,2022-01-13 14:00:00,19.7,HP1
TSP,2022-01-13 15:00:00,25.1,HP1
TSP,2022-01-13 16:00:00,37.1,HP1
TSP,2022-01-13 17:00:00,29.8,HP1
TSP,2022-01-13 18:00:00,15.2,HP1
TSP,2022-01-13 19:00:00,26.2,HP1
TSP,2022-01-13 20:00:00,30,HP1
TSP,2022-01-13 21:00:00,34.5,HP1
TSP,2022-01-13 22:00:00,26.8,HP1
TSP,2022-01-13 23:00:00,24.7,HP1
TSP,2022-01-14 00:00:00,20.2,HP1
TSP,2022-01-14 01:00:00,20.5,HP1
TSP,2022-01-14 02:00:00,19,HP1
TSP,2022-01-14 03:00:00,18,HP1
TSP,2022-01-14 04:00:00,17.4,HP1
TSP,2022-01-14 05:00:00,19.1,HP1
TSP,2022-01-14 06:00:00,19.2,HP1
TSP,2022-01-14 07:00:00,19,HP1
TSP,2022-01-14 08:00:00,19.4,HP1
TSP,2022-01-14 09:00:00,26.5,HP1
TSP,2022-01-14 10:00:00,38.6,HP1
TSP,2022-01-14 11:00:00,40.9,HP1
TSP,2022-01-14 12:00:00,37.7,HP1
TSP,2022-01-14 13:00:00,31.2,HP1
TSP,2022-01-14 14:00:00,33.5,HP1
TSP,2022-01-14 15:00:00,59.9,HP1
TSP,2022-01-14 16:00:00,50.2,HP1
TSP,2022-01-14 17:00:00,50.2,HP1
TSP,2022-01-14 18:00:00,44.7,HP1
TSP,2022-01-14 19:00:00,46.7,HP1
TSP,2022-01-14 20:00:00,52.3,HP1
TSP,2022-01-14 21:00:00,47.2,HP1
TSP,2022-01-14 22:00:00,44,HP1
TSP,2022-01-14 23:00:00,37.2,HP1
TSP,2022-01-15 00:00:00,34,HP1
TSP,2022-01-15 01:00:00,31.6,HP1
TSP,2022-01-15 02:00:00,29,HP1
TSP,2022-01-15 03:00:00,20.9,HP1
TSP,2022-01-15 04:00:00,15.8,HP1
TSP,2022-01-15 05:00:00,15.2,HP1
TSP,2022-01-15 06:00:00,16.5,HP1
TSP,2022-01-15 07:00:00,18.3,HP1
TSP,2022-01-15 08:00:00,21.5,HP1
TSP,2022-01-15 09:00:00,23.1,HP1
TSP,2022-01-15 10:00:00,28.8,HP1
TSP,2022-01-15 11:00:00,28.9,HP1
TSP,2022-01-15 12:00:00,32.4,HP1
TSP,2022-01-15 13:00:00,28.7,HP1
TSP,2022-01-15 14:00:00,28.7,HP1
TSP,2022-01-15 15:00:00,31.9,HP1
TSP,2022-01-15 16:00:00,31.4,HP1
TSP,2022-01-15 17:00:00,31.6,HP1
TSP,2022-01-15 18:00:00,38.8,HP1
TSP,2022-01-15 19:00:00,33.4,HP1
TSP,2022-01-15 20:00:00,44.2,HP1
TSP,2022-01-15 21:00:00,38.7,HP1
TSP,2022-01-15 22:00:00,42.3,HP1
TSP,2022-01-15 23:00:00,40.3,HP1
TSP,2022-01-16 00:00:00,26.7,HP1
TSP,2022-01-16 01:00:00,20.2,HP1
TSP,2022-01-16 02:00:00,19.6,HP1
TSP,2022-01-16 03:00:00,20.8,HP1
TSP,2022-01-16 04:00:00,19.2,HP1
TSP,2022-01-16 05:00:00,17.3,HP1
TSP,2022-01-16 06:00:00,14.5,HP1
TSP,2022-01-16 07:00:00,14.9,HP1
TSP,2022-01-16 08:00:00,15.7,HP1
TSP,2022-01-16 09:00:00,15.6,HP1
TSP,2022-01-16 10:00:00,15.1,HP1
TSP,2022-01-16 11:00:00,14.4,HP1
TSP,2022-01-16 12:00:00,13.5,HP1
TSP,2022-01-16 13:00:00,15.6,HP1
TSP,2022-01-16 14:00:00,18.6,HP1
TSP,2022-01-16 15:00:00,18.3,HP1
TSP,2022-01-16 16:00:00,15.5,HP1
TSP,2022-01-16 17:00:00,24.1,HP1
TSP,2022-01-16 18:00:00,23.2,HP1
TSP,2022-01-16 19:00:00,23.9,HP1
TSP,2022-01-16 20:00:00,12.8,HP1
TSP,2022-01-16 21:00:00,16.2,HP1
TSP,2022-01-16 22:00:00,16.8,HP1
TSP,2022-01-16 23:00:00,20.4,HP1
TSP,2022-01-17 00:00:00,19,HP1
TSP,2022-01-17 01:00:00,17.5,HP1
TSP,2022-01-17 02:00:00,15.8,HP1
TSP,2022-01-17 03:00:00,14,HP1
TSP,2022-01-17 04:00:00,15.5,HP1
TSP,2022-01-17 05:00:00,13.9,HP1
TSP,2022-01-17 06:00:00,17.1,HP1
TSP,2022-01-17 07:00:00,19.9,HP1
TSP,2022-01-17 08:00:00,21.7,HP1
TSP,2022-01-17 09:00:00,22.6,HP1
TSP,2022-01-17 10:00:00,26.1,HP1
TSP,2022-01-17 11:00:00,23,HP1
TSP,2022-01-17 12:00:00,31.1,HP1
TSP,2022-01-17 13:00:00,35,HP1
TSP,2022-01-17 14:00:00,41,HP1
TSP,2022-01-17 15:00:00,38.1,HP1
TSP,2022-01-17 16:00:00,52.4,HP1
TSP,2022-01-17 17:00:00,34.7,HP1
TSP,2022-01-17 18:00:00,34.6,HP1
TSP,2022-01-17 19:00:00,40.1,HP1
TSP,2022-01-17 20:00:00,41.2,HP1
TSP,2022-01-17 21:00:00,41.6,HP1
TSP,2022-01-17 22:00:00,39.4,HP1
TSP,2022-01-17 23:00:00,36.9,HP1
TSP,2022-01-18 00:00:00,37.1,HP1
TSP,2022-01-18 01:00:00,29.4,HP1
TSP,2022-01-18 02:00:00,27.2,HP1
TSP,2022-01-18 03:00:00,23,HP1
TSP,2022-01-18 04:00:00,19.6,HP1
TSP,2022-01-18 05:00:00,15.3,HP1
TSP,2022-01-18 06:00:00,14.3,HP1
TSP,2022-01-18 07:00:00,13.3,HP1
TSP,2022-01-18 08:00:00,17.8,HP1
TSP,2022-01-18 09:00:00,22.3,HP1
TSP,2022-01-18 10:00:00,39.9,HP1
TSP,2022-01-18 11:00:00,32,HP1
TSP,2022-01-18 12:00:00,19.3,HP1
TSP,2022-01-18 13:00:00,22.2,HP1
TSP,2022-01-18 14:00:00,20.4,HP1
TSP,2022-01-18 15:00:00,19.2,HP1
TSP,2022-01-18 16:00:00,22.2,HP1
TSP,2022-01-18 17:00:00,24.6,HP1
TSP,2022-01-18 18:00:00,31.8,HP1
TSP,2022-01-18 19:00:00,44,HP1
TSP,2022-01-18 20:00:00,55.3,HP1
TSP,2022-01-18 21:00:00,32.2,HP1
TSP,2022-01-18 22:00:00,32.9,HP1
TSP,2022-01-18 23:00:00,29.2,HP1
TSP,2022-01-19 00:00:00,26.1,HP1
TSP,2022-01-19 01:00:00,24,HP1
TSP,2022-01-19 02:00:00,20.9,HP1
TSP,2022-01-19 03:00:00,16.5,HP1
TSP,2022-01-19 04:00:00,16.9,HP1
TSP,2022-01-19 05:00:00,16.1,HP1
TSP,2022-01-19 06:00:00,12.5,HP1
TSP,2022-01-19 07:00:00,13.4,HP1
TSP,2022-01-19 08:00:00,14,HP1
TSP,2022-01-19 09:00:00,17.9,HP1
TSP,2022-01-19 10:00:00,19.7,HP1
TSP,2022-01-19 11:00:00,16.6,HP1
TSP,2022-01-19 12:00:00,15.4,HP1
TSP,2022-01-19 13:00:00,12.1,HP1
TSP,2022-01-19 14:00:00,15.9,HP1
TSP,2022-01-19 15:00:00,13.5,HP1
TSP,2022-01-19 16:00:00,17.9,HP1
TSP,2022-01-19 17:00:00,14.4,HP1
TSP,2022-01-19 18:00:00,19.1,HP1
TSP,2022-01-19 19:00:00,17.7,HP1
TSP,2022-01-19 20:00:00,15.1,HP1
TSP,2022-01-19 21:00:00,15.5,HP1
TSP,2022-01-19 22:00:00,18.3,HP1
TSP,2022-01-19 23:00:00,15.8,HP1
TSP,2022-01-20 00:00:00,17,HP1
TSP,2022-01-20 01:00:00,15.8,HP1
TSP,2022-01-20 02:00:00,14.8,HP1
TSP,2022-01-20 03:00:00,12.6,HP1
TSP,2022-01-20 04:00:00,12.3,HP1
TSP,2022-01-20 05:00:00,11.3,HP1
TSP,2022-01-20 06:00:00,11.5,HP1
TSP,2022-01-20 07:00:00,14.1,HP1
TSP,2022-01-20 08:00:00,14.8,HP1
TSP,2022-01-20 09:00:00,21,HP1
TSP,2022-01-20 10:00:00,20,HP1
TSP,2022-01-20 11:00:00,22.4,HP1
TSP,2022-01-20 12:00:00,24,HP1
TSP,2022-01-20 13:00:00,22.7,HP1
TSP,2022-01-20 14:00:00,19.2,HP1
TSP,2022-01-20 15:00:00,23.9,HP1
TSP,2022-01-20 16:00:00,22.4,HP1
TSP,2022-01-20 17:00:00,24.2,HP1
TSP,2022-01-20 18:00:00,25.6,HP1
TSP,2022-01-20 19:00:00,26.4,HP1
TSP,2022-01-20 20:00:00,22.8,HP1
TSP,2022-01-20 21:00:00,26.6,HP1
TSP,2022-01-20 22:00:00,21.9,HP1
TSP,2022-01-20 23:00:00,19,HP1
TSP,2022-01-21 00:00:00,16.2,HP1
TSP,2022-01-21 01:00:00,12.4,HP1
TSP,2022-01-21 02:00:00,13.1,HP1
TSP,2022-01-21 03:00:00,14.8,HP1
TSP,2022-01-21 04:00:00,14.6,HP1
TSP,2022-01-21 05:00:00,12.8,HP1
TSP,2022-01-21 06:00:00,13.3,HP1
TSP,2022-01-21 07:00:00,18.2,HP1
TSP,2022-01-21 08:00:00,21.7,HP1
TSP,2022-01-21 09:00:00,27.9,HP1
TSP,2022-01-21 10:00:00,37.2,HP1
TSP,2022-01-21 11:00:00,44.7,HP1
TSP,2022-01-21 12:00:00,41.5,HP1
TSP,2022-01-21 13:00:00,38.7,HP1
TSP,2022-01-21 14:00:00,34.4,HP1
TSP,2022-01-21 15:00:00,31.3,HP1
TSP,2022-01-21 16:00:00,24.3,HP1
TSP,2022-01-21 17:00:00,25.7,HP1
TSP,2022-01-21 18:00:00,20.3,HP1
TSP,2022-01-21 19:00:00,22.2,HP1
TSP,2022-01-21 20:00:00,24.3,HP1
TSP,2022-01-21 21:00:00,21.9,HP1
TSP,2022-01-21 22:00:00,20.4,HP1
TSP,2022-01-21 23:00:00,18.1,HP1
TSP,2022-01-22 00:00:00,17.2,HP1
TSP,2022-01-22 01:00:00,16,HP1
TSP,2022-01-22 02:00:00,13.6,HP1
TSP,2022-01-22 03:00:00,11.5,HP1
TSP,2022-01-22 04:00:00,11.6,HP1
TSP,2022-01-22 05:00:00,11.7,HP1
TSP,2022-01-22 06:00:00,12.3,HP1
TSP,2022-01-22 07:00:00,12.4,HP1
TSP,2022-01-22 08:00:00,13.3,HP1
TSP,2022-01-22 09:00:00,15.7,HP1
TSP,2022-01-22 10:00:00,17.7,HP1
TSP,2022-01-22 11:00:00,20.2,HP1
TSP,2022-01-22 12:00:00,19.5,HP1
TSP,2022-01-22 13:00:00,19.6,HP1
TSP,2022-01-22 14:00:00,20.6,HP1
TSP,2022-01-22 15:00:00,22.9,HP1
TSP,2022-01-22 16:00:00,22.4,HP1
TSP,2022-01-22 17:00:00,21.1,HP1
TSP,2022-01-22 18:00:00,23,HP1
TSP,2022-01-22 19:00:00,25.4,HP1
TSP,2022-01-22 20:00:00,26.8,HP1
TSP,2022-01-22 21:00:00,25.4,HP1
TSP,2022-01-22 22:00:00,22.4,HP1
TSP,2022-01-22 23:00:00,20.1,HP1
TSP,2022-01-23 00:00:00,14.7,HP1
TSP,2022-01-23 01:00:00,12.9,HP1
TSP,2022-01-23 02:00:00,12.9,HP1
TSP,2022-01-23 03:00:00,13.6,HP1
TSP,2022-01-23 04:00:00,13,HP1
TSP,2022-01-23 05:00:00,13.7,HP1
TSP,2022-01-23 06:00:00,14.1,HP1
TSP,2022-01-23 07:00:00,16.8,HP1
TSP,2022-01-23 08:00:00,18,HP1
TSP,2022-01-23 09:00:00,17.9,HP1
TSP,2022-01-23 10:00:00,17,HP1
TSP,2022-01-23 11:00:00,18.4,HP1
TSP,2022-01-23 12:00:00,17.4,HP1
TSP,2022-01-23 13:00:00,18.3,HP1
TSP,2022-01-23 14:00:00,17.2,HP1
TSP,2022-01-23 15:00:00,20.4,HP1
TSP,2022-01-23 16:00:00,22,HP1
TSP,2022-01-23 17:00:00,18.1,HP1
TSP,2022-01-23 18:00:00,21.7,HP1
TSP,2022-01-23 19:00:00,22.1,HP1
TSP,2022-01-23 20:00:00,19,HP1
TSP,2022-01-23 21:00:00,21.2,HP1
TSP,2022-01-23 22:00:00,20,HP1
TSP,2022-01-23 23:00:00,20,HP1
TSP,2022-01-24 00:00:00,19.9,HP1
TSP,2022-01-24 01:00:00,19.6,HP1
TSP,2022-01-24 02:00:00,19.9,HP1
TSP,2022-01-24 03:00:00,20.2,HP1
TSP,2022-01-24 04:00:00,20.6,HP1
TSP,2022-01-24 05:00:00,21,HP1
TSP,2022-01-24 06:00:00,22,HP1
TSP,2022-01-24 07:00:00,21.7,HP1
TSP,2022-01-24 08:00:00,22.1,HP1
TSP,2022-01-24 09:00:00,18.9,HP1
TSP,2022-01-24 10:00:00,23.9,HP1
TSP,2022-01-24 11:00:00,22.2,HP1
TSP,2022-01-24 12:00:00,23.4,HP1
TSP,2022-01-24 13:00:00,26.4,HP1
TSP,2022-01-24 14:00:00,30.2,HP1
TSP,2022-01-24 15:00:00,27.7,HP1
TSP,2022-01-24 16:00:00,31.5,HP1
TSP,2022-01-24 17:00:00,34.7,HP1
TSP,2022-01-24 18:00:00,35.8,HP1
TSP,2022-01-24 19:00:00,33.4,HP1
TSP,2022-01-24 20:00:00,29.5,HP1
TSP,2022-01-24 21:00:00,27.3,HP1
TSP,2022-01-24 22:00:00,26,HP1
TSP,2022-01-24 23:00:00,24.2,HP1
TSP,2022-01-25 00:00:00,25.4,HP1
TSP,2022-01-25 01:00:00,27.7,HP1
TSP,2022-01-25 02:00:00,27.7,HP1
TSP,2022-01-25 03:00:00,27.2,HP1
TSP,2022-01-25 04:00:00,25.7,HP1
TSP,2022-01-25 05:00:00,25.9,HP1
TSP,2022-01-25 06:00:00,25.2,HP1
TSP,2022-01-25 07:00:00,25.1,HP1
TSP,2022-01-25 08:00:00,25.6,HP1
TSP,2022-01-25 09:00:00,29.5,HP1
TSP,2022-01-25 10:00:00,29.4,HP1
TSP,2022-01-25 11:00:00,32.4,HP1
TSP,2022-01-25 12:00:00,35.6,HP1
TSP,2022-01-25 13:00:00,42.7,HP1
TSP,2022-01-25 14:00:00,34.1,HP1
TSP,2022-01-25 15:00:00,36.1,HP1
TSP,2022-01-25 16:00:00,24.2,HP1
TSP,2022-01-25 17:00:00,25.8,HP1
TSP,2022-01-25 18:00:00,34.9,HP1
TSP,2022-01-25 19:00:00,23,HP1
TSP,2022-01-25 20:00:00,21.2,HP1
TSP,2022-01-25 21:00:00,21.6,HP1
TSP,2022-01-25 22:00:00,24.4,HP1
TSP,2022-01-25 23:00:00,27.7,HP1
TSP,2022-01-26 00:00:00,27.3,HP1
TSP,2022-01-26 01:00:00,29.2,HP1
TSP,2022-01-26 02:00:00,30.7,HP1
TSP,2022-01-26 03:00:00,30.1,HP1
TSP,2022-01-26 04:00:00,27.5,HP1
TSP,2022-01-26 05:00:00,27.3,HP1
TSP,2022-01-26 06:00:00,26.1,HP1
TSP,2022-01-26 07:00:00,24.9,HP1
TSP,2022-01-26 08:00:00,22.6,HP1
TSP,2022-01-26 09:00:00,27.7,HP1
TSP,2022-01-26 10:00:00,37.3,HP1
TSP,2022-01-26 11:00:00,40.2,HP1
TSP,2022-01-26 12:00:00,38,HP1
TSP,2022-01-26 13:00:00,28.6,HP1
TSP,2022-01-26 14:00:00,23.8,HP1
TSP,2022-01-26 15:00:00,28.2,HP1
TSP,2022-01-26 16:00:00,30.8,HP1
TSP,2022-01-26 17:00:00,28.7,HP1
TSP,2022-01-26 18:00:00,26.1,HP1
TSP,2022-01-26 19:00:00,24.5,HP1
TSP,2022-01-26 20:00:00,25.4,HP1
TSP,2022-01-26 21:00:00,23.1,HP1
TSP,2022-01-26 22:00:00,21.3,HP1
TSP,2022-01-26 23:00:00,18.6,HP1
TSP,2022-01-27 00:00:00,16.3,HP1
TSP,2022-01-27 01:00:00,17.2,HP1
TSP,2022-01-27 02:00:00,15.9,HP1
TSP,2022-01-27 03:00:00,13,HP1
TSP,2022-01-27 04:00:00,12.1,HP1
TSP,2022-01-27 05:00:00,10.7,HP1
TSP,2022-01-27 06:00:00,10.9,HP1
TSP,2022-01-27 07:00:00,11,HP1
TSP,2022-01-27 08:00:00,10.2,HP1
TSP,2022-01-27 09:00:00,13,HP1
TSP,2022-01-27 10:00:00,13.7,HP1
TSP,2022-01-27 11:00:00,12.4,HP1
TSP,2022-01-27 12:00:00,10.3,HP1
TSP,2022-01-27 13:00:00,8.2,HP1
TSP,2022-01-27 14:00:00,10.1,HP1
TSP,2022-01-27 15:00:00,13,HP1
TSP,2022-01-27 16:00:00,15.2,HP1
TSP,2022-01-27 17:00:00,17.4,HP1
TSP,2022-01-27 18:00:00,14.4,HP1
TSP,2022-01-27 19:00:00,14.5,HP1
TSP,2022-01-27 20:00:00,16.2,HP1
TSP,2022-01-27 21:00:00,16.5,HP1
TSP,2022-01-27 22:00:00,15.6,HP1
TSP,2022-01-27 23:00:00,14.9,HP1
TSP,2022-01-28 00:00:00,14.2,HP1
TSP,2022-01-28 01:00:00,13,HP1
TSP,2022-01-28 02:00:00,10.6,HP1
TSP,2022-01-28 03:00:00,9.6,HP1
TSP,2022-01-28 04:00:00,9.8,HP1
TSP,2022-01-28 05:00:00,10.4,HP1
TSP,2022-01-28 06:00:00,11.1,HP1
TSP,2022-01-28 07:00:00,11.6,HP1
TSP,2022-01-28 08:00:00,12.8,HP1
TSP,2022-01-28 09:00:00,15.8,HP1
TSP,2022-01-28 10:00:00,25,HP1
TSP,2022-01-28 11:00:00,16.7,HP1
TSP,2022-01-28 12:00:00,21.6,HP1
TSP,2022-01-28 13:00:00,18.4,HP1
TSP,2022-01-28 14:00:00,17.6,HP1
TSP,2022-01-28 15:00:00,15.8,HP1
TSP,2022-01-28 16:00:00,13.4,HP1
TSP,2022-01-28 17:00:00,14.3,HP1
TSP,2022-01-28 18:00:00,11.4,HP1
TSP,2022-01-28 19:00:00,7.2,HP1
TSP,2022-01-28 20:00:00,8,HP1
TSP,2022-01-28 21:00:00,7.3,HP1
TSP,2022-01-28 22:00:00,6.3,HP1
TSP,2022-01-28 23:00:00,4.9,HP1
TSP,2022-01-29 00:00:00,3.7,HP1
TSP,2022-01-29 01:00:00,2.7,HP1
TSP,2022-01-29 02:00:00,2.1,HP1
TSP,2022-01-29 03:00:00,2,HP1
TSP,2022-01-29 04:00:00,1.3,HP1
TSP,2022-01-29 05:00:00,3,HP1
TSP,2022-01-29 06:00:00,1.8,HP1
TSP,2022-01-29 07:00:00,1.4,HP1
TSP,2022-01-29 08:00:00,2.6,HP1
TSP,2022-01-29 09:00:00,3.4,HP1
TSP,2022-01-29 10:00:00,2.9,HP1
TSP,2022-01-29 11:00:00,5.4,HP1
TSP,2022-01-29 12:00:00,8.2,HP1
TSP,2022-01-29 13:00:00,7.7,HP1
TSP,2022-01-29 14:00:00,8.2,HP1
TSP,2022-01-29 15:00:00,7.8,HP1
TSP,2022-01-29 16:00:00,7.6,HP1
TSP,2022-01-29 17:00:00,17.7,HP1
TSP,2022-01-29 18:00:00,24.6,HP1
TSP,2022-01-29 19:00:00,25,HP1
TSP,2022-01-29 20:00:00,19.4,HP1
TSP,2022-01-29 21:00:00,21.8,HP1
TSP,2022-01-29 22:00:00,22.1,HP1
TSP,2022-01-29 23:00:00,18.2,HP1
TSP,2022-01-30 00:00:00,18.5,HP1
TSP,2022-01-30 01:00:00,18.2,HP1
TSP,2022-01-30 02:00:00,16.9,HP1
TSP,2022-01-30 03:00:00,15.8,HP1
TSP,2022-01-30 04:00:00,16.1,HP1
TSP,2022-01-30 05:00:00,16.2,HP1
TSP,2022-01-30 06:00:00,14.5,HP1
TSP,2022-01-30 07:00:00,12.5,HP1
TSP,2022-01-30 08:00:00,15.3,HP1
TSP,2022-01-30 09:00:00,17.8,HP1
TSP,2022-01-30 10:00:00,18,HP1
TSP,2022-01-30 11:00:00,20.7,HP1
TSP,2022-01-30 12:00:00,21.7,HP1
TSP,2022-01-30 13:00:00,22.7,HP1
TSP,2022-01-30 14:00:00,20.3,HP1
TSP,2022-01-30 15:00:00,19.4,HP1
TSP,2022-01-30 16:00:00,17,HP1
TSP,2022-01-30 17:00:00,19.7,HP1
TSP,2022-01-30 18:00:00,20.3,HP1
TSP,2022-01-30 19:00:00,16.1,HP1
TSP,2022-01-30 20:00:00,16.9,HP1
TSP,2022-01-30 21:00:00,13.6,HP1
TSP,2022-01-30 22:00:00,10.2,HP1
TSP,2022-01-30 23:00:00,6.3,HP1
